Z N C1 C2 C3 C4 C5 C6 C7 C8 C9 E1 E2 E3 E4 E5 E6 E7 E8 E9
2 2 0.001417 0.0002235 -2.185e-05 0.0 0.0 0.0 0.0 0.0 0.0 463300.0 553200.0 888700.0 0.0 0.0 0.0 0.0 0.0 0.0
3 3 0.0001451 0.005789 1.889e-05 0.0 0.0 0.0 0.0 0.0 0.0 852900.0 1056000.0 11700000.0 0.0 0.0 0.0 0.0 0.0 0.0
4 4 0.0006396 0.01257 -0.0001224 0.0 0.0 0.0 0.0 0.0 0.0 1482000.0 1879000.0 3556000.0 0.0 0.0 0.0 0.0 0.0 0.0
5 5 0.0006163 0.02225 0.0005706 0.0 0.0 0.0 0.0 0.0 0.0 2194000.0 2861000.0 4511000.0 0.0 0.0 0.0 0.0 0.0 0.0
6 6 0.001426 0.03046 0.0008373 0.0 0.0 0.0 0.0 0.0 0.0 3116000.0 4075000.0 5749000.0 0.0 0.0 0.0 0.0 0.0 0.0
7 7 0.002801 0.04362 0.001117 0.0 0.0 0.0 0.0 0.0 0.0 4198000.0 5516000.0 8050000.0 0.0 0.0 0.0 0.0 0.0 0.0
8 8 0.004925 0.05837 0.001359 0.0 0.0 0.0 0.0 0.0 0.0 5440000.0 7170000.0 11520000.0 0.0 0.0 0.0 0.0 0.0 0.0
9 9 0.007914 0.07387 0.001699 0.0 0.0 0.0 0.0 0.0 0.0 6843000.0 9033000.0 14200000.0 0.0 0.0 0.0 0.0 0.0 0.0
10 10 0.01183 0.09011 0.001828 0.0 0.0 0.0 0.0 0.0 0.0 8405000.0 11110000.0 18120000.0 0.0 0.0 0.0 0.0 0.0 0.0
11 11 0.01676 0.09873 0.009214 0.0 0.0 0.0 0.0 0.0 0.0 10130000.0 13250000.0 17210000.0 0.0 0.0 0.0 0.0 0.0 0.0
12 12 0.02262 0.1216 0.002531 0.0 0.0 0.0 0.0 0.0 0.0 12010000.0 15880000.0 24730000.0 0.0 0.0 0.0 0.0 0.0 0.0
13 13 0.03004 0.1306 0.007786 0.0 0.0 0.0 0.0 0.0 0.0 14060000.0 18500000.0 24310000.0 0.0 0.0 0.0 0.0 0.0 0.0
14 14 0.03846 0.1491 0.002779 0.0 0.0 0.0 0.0 0.0 0.0 16270000.0 21540000.0 38270000.0 0.0 0.0 0.0 0.0 0.0 0.0
15 15 0.04795 0.1559 0.009546 0.0 0.0 0.0 0.0 0.0 0.0 18630000.0 24500000.0 32120000.0 0.0 0.0 0.0 0.0 0.0 0.0
16 16 0.06659 0.1762 -0.006522 0.0 0.0 0.0 0.0 0.0 0.0 21220000.0 28970000.0 57860000.0 0.0 0.0 0.0 0.0 0.0 0.0
17 17 0.07078 0.1881 0.002828 0.0 0.0 0.0 0.0 0.0 0.0 23860000.0 31620000.0 66190000.0 0.0 0.0 0.0 0.0 0.0 0.0
18 18 0.09249 0.2011 -0.007153 0.0 0.0 0.0 0.0 0.0 0.0 26770000.0 36530000.0 47290000.0 0.0 0.0 0.0 0.0 0.0 0.0
19 19 0.09767 0.2109 0.003459 0.0 0.0 0.0 0.0 0.0 0.0 29730000.0 39360000.0 59350000.0 0.0 0.0 0.0 0.0 0.0 0.0
20 20 0.121 0.2224 -0.006832 0.0 0.0 0.0 0.0 0.0 0.0 32960000.0 44850000.0 63120000.0 0.0 0.0 0.0 0.0 0.0 0.0
21 21 0.1267 0.231 0.003729 0.0 0.0 0.0 0.0 0.0 0.0 36250000.0 47960000.0 58220000.0 0.0 0.0 0.0 0.0 0.0 0.0
22 22 0.1502 0.2398 -0.005507 0.0 0.0 0.0 0.0 0.0 0.0 39820000.0 53990000.0 84720000.0 0.0 0.0 0.0 0.0 0.0 0.0
23 23 0.1553 0.2493 0.003204 0.0 0.0 0.0 0.0 0.0 0.0 43440000.0 57530000.0 104200000.0 0.0 0.0 0.0 0.0 0.0 0.0
24 24 0.1869 0.2586 -0.01771 0.0 0.0 0.0 0.0 0.0 0.0 47480000.0 66100000.0 107900000.0 0.0 0.0 0.0 0.0 0.0 0.0
25 25 0.1708 0.2665 0.008877 0.0 0.0 0.0 0.0 0.0 0.0 51140000.0 66580000.0 96600000.0 0.0 0.0 0.0 0.0 0.0 0.0
26 26 0.1984 0.2676 -0.002293 0.0 0.0 0.0 0.0 0.0 0.0 55520000.0 74750000.0 123600000.0 0.0 0.0 0.0 0.0 0.0 0.0
27 27 0.1911 0.2768 0.01122 0.0 0.0 0.0 0.0 0.0 0.0 59660000.0 77650000.0 141800000.0 0.0 0.0 0.0 0.0 0.0 0.0
28 28 0.224 0.2794 -0.01172 0.0 0.0 0.0 0.0 0.0 0.0 64520000.0 88550000.0 150800000.0 0.0 0.0 0.0 0.0 0.0 0.0
29 29 0.2223 0.282 -0.001013 0.0 0.0 0.0 0.0 0.0 0.0 69140000.0 92780000.0 148200000.0 0.0 0.0 0.0 0.0 0.0 0.0
30 30 0.2321 0.3195 0.009645 0.0 0.0 0.0 0.0 0.0 0.0 73720000.0 97110000.0 158500000.0 0.0 0.0 0.0 0.0 0.0 0.0
36 36 0.2678 0.3433 -0.002951 0.0 0.0 0.0 0.0 0.0 0.0 106700000.0 142300000.0 200500000.0 0.0 0.0 0.0 0.0 0.0 0.0
42 42 0.2776 0.36 0.001297 0.0 0.0 0.0 0.0 0.0 0.0 145700000.0 192400000.0 416500000.0 0.0 0.0 0.0 0.0 0.0 0.0
54 54 0.3133 0.3709 -0.01073 0.0 0.0 0.0 0.0 0.0 0.0 244600000.0 333800000.0 451000000.0 0.0 0.0 0.0 0.0 0.0 0.0
3 2 2.941e-05 6.068e-05 -7.753e-07 0.0 0.0 0.0 0.0 0.0 0.0 634500.0 702400.0 827100.0 0.0 0.0 0.0 0.0 0.0 0.0
4 3 0.0001942 0.001485 1.32e-05 0.0 0.0 0.0 0.0 0.0 0.0 1185000.0 1377000.0 1904000.0 0.0 0.0 0.0 0.0 0.0 0.0
5 4 0.0009375 0.007606 -0.0002683 0.0 0.0 0.0 0.0 0.0 0.0 1913000.0 2319000.0 2732000.0 0.0 0.0 0.0 0.0 0.0 0.0
6 5 0.002646 0.01762 -0.0007843 0.0 0.0 0.0 0.0 0.0 0.0 2804000.0 3485000.0 4324000.0 0.0 0.0 0.0 0.0 0.0 0.0
7 6 0.005761 0.03434 -0.00166 0.0 0.0 0.0 0.0 0.0 0.0 3860000.0 4883000.0 6259000.0 0.0 0.0 0.0 0.0 0.0 0.0
8 7 0.06135 0.0001968 0.0 0.0 0.0 0.0 0.0 0.0 0.0 6113000.0 36560000.0 0.0 0.0 0.0 0.0 0.0 0.0 0.0
9 8 0.01006 0.06743 0.01034 0.0 0.0 0.0 0.0 0.0 0.0 6330000.0 7859000.0 9755000.0 0.0 0.0 0.0 0.0 0.0 0.0
10 9 0.01552 0.09008 0.01182 0.0 0.0 0.0 0.0 0.0 0.0 7845000.0 9803000.0 12090000.0 0.0 0.0 0.0 0.0 0.0 0.0
11 10 0.02228 0.1133 0.01296 0.0 0.0 0.0 0.0 0.0 0.0 9521000.0 11950000.0 15020000.0 0.0 0.0 0.0 0.0 0.0 0.0
12 11 0.03067 0.1375 0.01347 0.0 0.0 0.0 0.0 0.0 0.0 11360000.0 14310000.0 17620000.0 0.0 0.0 0.0 0.0 0.0 0.0
13 12 0.04093 0.1618 0.01332 0.0 0.0 0.0 0.0 0.0 0.0 13360000.0 16890000.0 20910000.0 0.0 0.0 0.0 0.0 0.0 0.0
14 13 0.05318 0.1874 0.01227 0.0007173 0.0 0.0 0.0 0.0 0.0 15520000.0 19690000.0 25320000.0 269600000.0 0.0 0.0 0.0 0.0 0.0
15 14 0.06756 0.2122 0.01292 0.0 0.0 0.0 0.0 0.0 0.0 17840000.0 22700000.0 28670000.0 0.0 0.0 0.0 0.0 0.0 0.0
16 15 0.0841 0.2381 0.01065 0.001049 0.0 0.0 0.0 0.0 0.0 20320000.0 25920000.0 32060000.0 201600000.0 0.0 0.0 0.0 0.0 0.0
17 16 0.1172 0.6677 -0.4111 0.0 0.0 0.0 0.0 0.0 0.0 23020000.0 34700000.0 38170000.0 0.0 0.0 0.0 0.0 0.0 0.0
18 17 0.122 0.2795 0.01569 0.0 0.0 0.0 0.0 0.0 0.0 25760000.0 32880000.0 43600000.0 0.0 0.0 0.0 0.0 0.0 0.0
19 18 0.1598 0.3107 -0.01177 0.0 0.0 0.0 0.0 0.0 0.0 28790000.0 38220000.0 53080000.0 0.0 0.0 0.0 0.0 0.0 0.0
20 19 0.1659 0.3186 0.01801 0.0 0.0 0.0 0.0 0.0 0.0 31860000.0 40850000.0 50680000.0 0.0 0.0 0.0 0.0 0.0 0.0
21 20 0.2046 0.6275 -0.2876 0.0 0.0 0.0 0.0 0.0 0.0 35210000.0 51020000.0 57410000.0 0.0 0.0 0.0 0.0 0.0 0.0
22 21 0.2099 0.3706 0.001402 0.0 0.0 0.0 0.0 0.0 0.0 38610000.0 50000000.0 334100000.0 0.0 0.0 0.0 0.0 0.0 0.0
23 22 0.2464 0.3773 -0.008236 0.0 0.0 0.0 0.0 0.0 0.0 42290000.0 56010000.0 84860000.0 0.0 0.0 0.0 0.0 0.0 0.0
24 23 0.2486 0.3758 0.02241 0.0006461 0.0 0.0 0.0 0.0 0.0 46010000.0 59140000.0 72410000.0 323100000.0 0.0 0.0 0.0 0.0 0.0
25 24 0.2977 1.039 -0.66 0.0 0.0 0.0 0.0 0.0 0.0 50180000.0 78230000.0 86140000.0 0.0 0.0 0.0 0.0 0.0 0.0
26 25 0.2676 0.4097 0.0299 0.0 0.0 0.0 0.0 0.0 0.0 53940000.0 68540000.0 96510000.0 0.0 0.0 0.0 0.0 0.0 0.0
27 26 0.3096 0.5586 -0.1398 0.0 0.0 0.0 0.0 0.0 0.0 58440000.0 80740000.0 94150000.0 0.0 0.0 0.0 0.0 0.0 0.0
28 27 0.2934 0.4324 0.028 0.0 0.0 0.0 0.0 0.0 0.0 62680000.0 79900000.0 121200000.0 0.0 0.0 0.0 0.0 0.0 0.0
29 28 0.3452 0.6344 -0.2055 0.0 0.0 0.0 0.0 0.0 0.0 67670000.0 96280000.0 112300000.0 0.0 0.0 0.0 0.0 0.0 0.0
30 29 0.3493 0.4849 0.01422 0.0 0.0 0.0 0.0 0.0 0.0 72390000.0 94750000.0 95420000.0 0.0 0.0 0.0 0.0 0.0 0.0
36 35 0.3917 0.6921 -0.1344 0.0 0.0 0.0 0.0 0.0 0.0 104500000.0 140300000.0 153200000.0 0.0 0.0 0.0 0.0 0.0 0.0
42 41 0.4624 0.5046 0.05396 0.002056 0.0 0.0 0.0 0.0 0.0 143400000.0 183300000.0 228200000.0 919500000.0 0.0 0.0 0.0 0.0 0.0
54 53 0.5389 0.5238 0.04275 0.002568 0.0 0.0 0.0 0.0 0.0 241500000.0 313600000.0 373200000.0 1541000000.0 0.0 0.0 0.0 0.0 0.0
4 2 1.173e-07 0.0006362 9.934e-05 8.344e-05 1.62e-05 0.0 0.0 0.0 0.0 1597.0 44160.0 61000.0 1263000.0 2226000.0 0.0 0.0 0.0 0.0
5 3 7.643e-08 3.662e-06 0.0008081 0.0008497 0.0002996 0.0007136 0.0 0.0 0.0 304.3 17050.0 58810.0 59470.0 90150.0 2155000.0 0.0 0.0 0.0
6 4 4.673e-07 1.887e-05 1.305e-05 0.003099 0.0003001 0.002553 0.0 0.0 0.0 723.3 2847.0 10540.0 89150.0 281200.0 3254000.0 0.0 0.0 0.0
7 5 2.04e-06 6.986e-05 0.0003168 0.004353 0.0007765 0.005101 0.0 0.0 0.0 3084.0 13320.0 64750.0 118100.0 668700.0 4778000.0 0.0 0.0 0.0
8 6 2.389e-05 0.0001355 0.005885 0.002163 0.0006341 0.01348 0.0 0.0 0.0 23260.0 32090.0 131600.0 673100.0 1892000.0 6150000.0 0.0 0.0 0.0
9 7 9.351e-05 0.0001685 0.007495 0.005079 0.02482 0.0 0.0 0.0 0.0 1969.0 7939.0 149500.0 996600.0 7740000.0 0.0 0.0 0.0 0.0
10 8 0.0002399 0.0003532 0.008928 0.005427 0.005342 0.03981 0.0 0.0 0.0 25360.0 48000.0 177000.0 1030000.0 1859000.0 9743000.0 0.0 0.0 0.0
11 9 0.00016 0.0002992 0.002233 0.009405 0.01642 0.06149 0.0002643 0.0 0.0 1032.0 5538.0 102600.0 228500.0 1710000.0 11600000.0 133700000.0 0.0 0.0
12 10 0.0002582 0.0005033 0.004561 0.008754 0.02734 0.07509 0.01385 0.0 0.0 28610.0 40870.0 152800.0 267700.0 2055000.0 12980000.0 18520000.0 0.0 0.0
13 11 0.000438 0.00069 0.006947 0.009037 0.03925 0.1153 0.0 0.0 0.0 5767.0 22070.0 163900.0 333600.0 2519000.0 16170000.0 0.0 0.0 0.0
14 12 0.001205 0.01309 0.005333 0.02858 0.03195 0.1433 0.0 0.0 0.0 48240.0 213700.0 549200.0 2460000.0 3647000.0 18890000.0 0.0 0.0 0.0
15 13 0.0005752 0.001464 0.01252 0.007928 0.07315 0.02794 0.1523 0.0 0.0 17640.0 46200.0 221400.0 453900.0 3270000.0 12730000.0 22890000.0 0.0 0.0
16 14 0.001173 0.001718 0.01657 0.007474 0.09698 0.1399 0.07029 0.0 0.0 13660.0 63710.0 254000.0 649300.0 3868000.0 21860000.0 29830000.0 0.0 0.0
17 15 0.0005299 0.00141 0.004341 0.02068 0.04274 0.09527 0.2357 0.0 0.0 35260.0 59540.0 146100.0 347900.0 2996000.0 5413000.0 28160000.0 0.0 0.0
18 16 0.0009046 0.003613 0.01984 0.009058 0.1497 0.2812 0.0 0.0 0.0 14090.0 69540.0 293600.0 647200.0 4759000.0 29840000.0 0.0 0.0 0.0
19 17 0.002263 0.004026 0.02578 0.01011 0.1816 0.3021 0.008857 0.0 0.0 35530.0 100900.0 345700.0 1311000.0 5582000.0 33170000.0 86340000.0 0.0 0.0
20 18 0.002311 0.002019 0.01789 0.02139 0.209 0.3375 0.01415 0.0 0.0 18060.0 42860.0 229200.0 627500.0 5896000.0 35590000.0 94250000.0 0.0 0.0
21 19 0.001195 0.003051 0.01122 0.02845 0.1077 0.1698 0.3629 0.0 0.0 17170.0 77820.0 212300.0 490300.0 4753000.0 8942000.0 43030000.0 0.0 0.0
22 20 0.003721 0.008448 0.03456 0.01926 0.2798 0.3978 0.01639 0.0 0.0 74840.0 165500.0 466800.0 2495000.0 7600000.0 44360000.0 83040000.0 0.0 0.0
23 21 0.00346 0.01 0.04023 0.05697 0.2868 0.4377 0.00916 0.0 0.0 56540.0 145700.0 497500.0 4206000.0 9053000.0 50380000.0 4061000000.0 0.0 0.0
24 22 0.001816 0.006886 0.0206 0.03264 0.07836 0.3028 0.4671 0.0 0.0 30070.0 79410.0 291600.0 641700.0 4998000.0 10080000.0 54760000.0 0.0 0.0
25 23 0.00194 0.008212 0.04637 0.03049 0.3855 0.4926 0.02514 0.0 0.0 7799.0 72360.0 394900.0 1891000.0 9560000.0 55550000.0 152500000.0 0.0 0.0
26 24 0.007882 0.01636 0.04868 0.0423 0.4151 0.5339 0.004544 0.0 0.0 59770.0 207400.0 617000.0 3789000.0 10860000.0 63630000.0 159900000.0 0.0 0.0
27 25 0.009309 0.01889 0.05291 0.05813 0.433 0.5388 0.03519 0.0 0.0 53520.0 214300.0 656400.0 4354000.0 11800000.0 65090000.0 165300000.0 0.0 0.0
28 26 0.005138 0.01029 0.04025 0.04055 0.2531 0.3105 0.5583 0.0 0.0 33650.0 82420.0 390500.0 975200.0 8317000.0 17000000.0 77280000.0 0.0 0.0
29 27 0.009149 0.02358 0.06477 0.07025 0.4931 0.5226 0.1112 0.0 0.0 50450.0 214500.0 737800.0 5073000.0 13400000.0 70260000.0 129300000.0 0.0 0.0
30 28 0.01067 0.009518 0.07437 0.05717 0.5809 0.6514 0.00303 0.0 0.0 46760.0 125500.0 545500.0 3049000.0 13670000.0 82560000.0 504000000.0 0.0 0.0
36 34 0.004775 0.03066 0.1218 0.1099 0.7923 0.7574 0.032 0.0 0.0 50400.0 166200.0 806700.0 4884000.0 19550000.0 115400000.0 367400000.0 0.0 0.0
42 40 0.03952 0.02286 0.126 0.137 0.6796 0.5128 0.7572 0.0 0.0 34080.0 185200.0 840700.0 2679000.0 17920000.0 44710000.0 182500000.0 0.0 0.0
54 52 0.01697 0.119 0.1849 0.3228 0.5672 0.9033 0.9173 0.0 0.0 213200.0 650100.0 1783000.0 5053000.0 22500000.0 53780000.0 294400000.0 0.0 0.0
5 2 1.081e-07 1.328e-07 3.383e-05 0.001185 0.0001218 0.0 0.0 0.0 0.0 8236.0 19390.0 66150.0 106200.0 2142000.0 0.0 0.0 0.0 0.0
6 3 3.489e-06 2.222e-07 1.954e-05 0.004212 0.0002037 0.0002936 0.0 0.0 0.0 2660.0 3756.0 25660.0 140000.0 1801000.0 4307000.0 0.0 0.0 0.0
7 4 3.386e-06 3.036e-05 5.945e-05 0.001195 0.006462 0.001358 0.0 0.0 0.0 1406.0 6965.0 26040.0 130400.0 196500.0 4466000.0 0.0 0.0 0.0
8 5 1.615e-05 9.299e-06 0.000153 0.0006616 0.0108 0.0007503 0.002892 0.0 0.0 756.9 3659.0 19840.0 84290.0 229400.0 1161000.0 6137000.0 0.0 0.0
9 6 4.892e-06 2.086e-05 0.0002548 0.0006407 0.0145 0.00307 0.005805 0.0 0.0 769.4 10670.0 19390.0 61500.0 256500.0 1016000.0 7782000.0 0.0 0.0
10 7 8.46e-05 0.0001817 0.001176 0.01397 0.005566 0.006229 0.01031 0.0 0.0 1049.0 3829.0 61330.0 256800.0 460000.0 1324000.0 9353000.0 0.0 0.0
11 8 1.741e-05 0.0007735 0.00189 0.02254 0.01336 0.0166 0.0002665 0.0 0.0 3910.0 21270.0 61850.0 328700.0 1573000.0 11300000.0 290300000.0 0.0 0.0
12 9 3.565e-05 2.017e-05 0.001165 0.005016 0.02434 0.02508 0.02475 0.0007087 0.0 1759.0 12370.0 56510.0 168000.0 400700.0 1991000.0 13300000.0 40600000.0 0.0
13 10 1.049e-05 0.0005683 0.002734 0.006968 0.02668 0.03801 0.03651 0.0 0.0 13040.0 24110.0 69930.0 209100.0 454500.0 2349000.0 15980000.0 0.0 0.0
14 11 0.0002214 0.00126 0.003832 0.01158 0.02871 0.05456 0.05035 0.0 0.0 3586.0 13240.0 56360.0 249800.0 536300.0 2809000.0 18540000.0 0.0 0.0
15 12 0.0003416 0.00152 0.004087 0.03442 0.01792 0.07679 0.06485 0.0 0.0 5119.0 15590.0 87230.0 392300.0 1161000.0 3514000.0 22180000.0 0.0 0.0
16 13 0.000261 0.0009442 0.00819 0.04271 0.01997 0.0959 0.08444 0.0 0.0 5114.0 17500.0 106100.0 469100.0 1821000.0 4033000.0 24760000.0 0.0 0.0
17 14 0.0004394 0.002394 0.008569 0.03538 0.02438 0.1353 0.09538 0.0139 0.0 4784.0 33590.0 98270.0 423500.0 974900.0 4254000.0 25110000.0 46120000.0 0.0
18 15 0.0007348 0.005115 0.009444 0.05143 0.03006 0.1566 0.1309 0.0 0.0 5053.0 21670.0 128000.0 522000.0 2161000.0 5084000.0 30890000.0 0.0 0.0
19 16 0.0007796 0.002483 0.01255 0.0562 0.03451 0.216 0.1516 0.0 0.0 6895.0 44460.0 145300.0 562700.0 2171000.0 5838000.0 35650000.0 0.0 0.0
20 17 0.002892 0.007663 0.02689 0.05718 0.2681 0.1709 0.02262 0.0 0.0 19900.0 86240.0 318000.0 848000.0 5735000.0 33000000.0 72680000.0 0.0 0.0
21 18 0.0002622 0.005138 0.01747 0.06624 0.04885 0.307 0.2039 0.0 0.0 12450.0 53140.0 175800.0 645400.0 2668000.0 7132000.0 43030000.0 0.0 0.0
22 19 0.001298 0.00894 0.0214 0.0749 0.08937 0.3141 0.2311 0.0 0.0 12490.0 47790.0 210400.0 752700.0 4104000.0 8141000.0 46600000.0 0.0 0.0
23 20 0.00611 0.004698 0.02402 0.08169 0.08957 0.381 0.2559 0.0 0.0 8616.0 43850.0 209300.0 780100.0 4000000.0 8866000.0 52150000.0 0.0 0.0
24 21 0.0007589 0.006974 0.02863 0.08418 0.06213 0.4842 0.2945 0.0 0.0 16490.0 60900.0 249000.0 821200.0 3487000.0 8974000.0 53910000.0 0.0 0.0
25 22 0.002538 0.006556 0.03347 0.0953 0.1447 0.4758 0.3096 0.0 0.0 27870.0 74970.0 264000.0 910700.0 5213000.0 10630000.0 59430000.0 0.0 0.0
26 23 0.002325 0.01017 0.03572 0.09882 0.1156 0.5792 0.3344 0.0 0.0 13760.0 82510.0 279400.0 937800.0 4688000.0 11060000.0 65430000.0 0.0 0.0
27 24 0.001446 0.01781 0.03354 0.09668 0.07855 0.6874 0.372 0.0 0.0 31010.0 100500.0 321300.0 907000.0 3183000.0 11080000.0 66470000.0 0.0 0.0
28 25 0.00244 0.02224 0.04605 0.1136 0.3381 0.5177 0.3585 0.0 0.0 35530.0 95080.0 380900.0 1134000.0 7503000.0 15260000.0 77880000.0 0.0 0.0
29 26 0.006795 0.02204 0.05253 0.1184 0.1437 0.7654 0.4051 0.0 0.0 40530.0 87170.0 403400.0 1192000.0 5515000.0 13590000.0 80440000.0 0.0 0.0
30 27 0.01014 0.02291 0.05791 0.1289 0.3345 0.6958 0.386 0.0 0.0 39210.0 87890.0 428300.0 1252000.0 7689000.0 16510000.0 90890000.0 0.0 0.0
36 33 0.006143 0.024 0.1742 0.2362 0.6716 0.6716 0.5636 0.0 0.0 9762.0 150400.0 725400.0 3186000.0 18490000.0 18490000.0 114300000.0 0.0 0.0
42 39 0.02179 0.08183 0.1125 0.2781 0.3727 1.638 0.6198 0.0 0.0 39510.0 133900.0 747600.0 1899000.0 7951000.0 27100000.0 170900000.0 0.0 0.0
54 51 0.1475 0.07752 0.2803 0.6165 0.9162 1.731 0.7347 0.0 0.0 49410.0 215500.0 1480000.0 4557000.0 19470000.0 49770000.0 292300000.0 0.0 0.0
6 2 6.346e-09 9.793e-09 1.634e-06 0.0008369 0.0003355 0.0 0.0 0.0 0.0 12.17 73.8 15230.0 120700.0 214400.0 0.0 0.0 0.0 0.0
7 3 7.712e-08 4.839e-08 2.218e-06 0.001536 0.003647 4.234e-05 0.0 0.0 0.0 71.13 276.5 14390.0 134700.0 249600.0 2204000.0 0.0 0.0 0.0
8 4 3.932e-07 2.523e-07 3.447e-05 0.005776 0.005101 0.0 0.0 0.0 0.0 150.9 621.1 15620.0 193600.0 470000.0 0.0 0.0 0.0 0.0
9 5 1.68e-06 6.779e-06 8.798e-05 0.0004378 0.01102 0.007738 5.425e-05 0.0 0.0 461.4 7266.0 20850.0 95430.0 269900.0 786400.0 26430000.0 0.0 0.0
10 6 5.653e-06 4.344e-05 0.0001086 0.000598 0.01457 0.01601 0.0005365 0.0 0.0 628.0 2812.0 13240.0 80640.0 305200.0 1032000.0 2388000.0 0.0 0.0
11 7 5.677e-06 4.73e-05 0.000241 0.0009606 0.01913 0.03086 0.0002334 0.0 0.0 1032.0 5764.0 21230.0 85560.0 353200.0 1364000.0 7146000.0 0.0 0.0
12 8 5.451e-05 6.999e-05 0.0003928 0.0007483 0.01851 0.0119 0.04764 0.0 0.0 219.6 4524.0 24910.0 91110.0 336700.0 831600.0 1817000.0 0.0 0.0
13 9 1.431e-05 3.517e-05 0.0008709 0.005087 0.02679 0.08922 0.0002483 0.0 0.0 1122.0 6431.0 51390.0 182000.0 493600.0 2121000.0 100100000.0 0.0 0.0
14 10 0.0001246 0.0006649 0.002912 0.02912 0.03049 0.1056 0.0 0.0 0.0 1167.0 9088.0 53320.0 421900.0 1571000.0 2721000.0 0.0 0.0 0.0
15 11 0.0001664 0.001849 0.001024 0.0131 0.03176 0.1829 0.0008145 0.0 0.0 3290.0 12120.0 53750.0 289800.0 698000.0 2984000.0 116500000.0 0.0 0.0
16 12 9.126e-05 0.0001691 0.00305 0.02604 0.03245 0.2511 0.0004459 0.0 0.0 3575.0 14910.0 93880.0 385600.0 963000.0 3490000.0 174300000.0 0.0 0.0
17 13 7.968e-05 0.001212 0.005278 0.03166 0.03145 0.3193 0.004706 0.0 0.0 3775.0 23040.0 88490.0 440100.0 1166000.0 3950000.0 9747000.0 0.0 0.0
18 14 0.0001885 0.003131 0.005019 0.01104 0.0469 0.1852 0.2407 0.0 0.0 4613.0 26980.0 89870.0 304500.0 708100.0 3524000.0 5235000.0 0.0 0.0
19 15 0.003586 0.003935 0.01224 0.05542 0.3164 0.2022 0.0005815 0.0 0.0 2541.0 16050.0 192100.0 758400.0 4303000.0 6161000.0 108900000.0 0.0 0.0
20 16 0.0001861 0.002067 0.01079 0.05961 0.129 0.5155 0.0 0.0 0.0 8140.0 34090.0 153500.0 641100.0 3094000.0 6161000.0 0.0 0.0 0.0
21 17 0.0005204 0.003285 0.01138 0.05197 0.04114 0.3664 0.3606 0.001025 0.0 19040.0 49140.0 155500.0 624500.0 1656000.0 5193000.0 7497000.0 60550000.0 0.0
22 18 0.0006365 0.006765 0.02898 0.09513 0.2735 0.5609 0.004717 0.0 0.0 11190.0 42440.0 254800.0 1115000.0 5768000.0 7379000.0 77350000.0 0.0 0.0
23 19 0.000534 0.0156 0.01793 0.07154 0.1275 0.8764 0.00179 0.0 0.0 17390.0 62030.0 193200.0 735600.0 3164000.0 7921000.0 99820000.0 0.0 0.0
24 20 0.001967 0.02196 0.04625 0.09195 0.3504 0.753 0.0 0.0 0.0 13790.0 49310.0 381800.0 1261000.0 5632000.0 9397000.0 0.0 0.0 0.0
25 21 0.006583 0.007778 0.02528 0.08838 0.1883 1.09 0.0 0.0 0.0 11900.0 40900.0 224400.0 835000.0 3911000.0 9518000.0 0.0 0.0 0.0
26 22 0.008382 0.007897 0.03157 0.1159 0.3919 1.017 0.0 0.0 0.0 5297.0 58290.0 245400.0 966300.0 5580000.0 11100000.0 0.0 0.0 0.0
27 23 0.001779 0.0138 0.02925 0.08643 0.07008 0.365 1.135 0.0 0.0 40490.0 99000.0 298000.0 886300.0 2319000.0 6460000.0 11730000.0 0.0 0.0
28 24 0.002382 0.01513 0.08457 0.1696 1.374 0.2096 0.0 0.0 0.0 30840.0 81440.0 468100.0 2054000.0 10350000.0 19180000.0 0.0 0.0 0.0
29 25 0.005329 0.01393 0.04578 0.1213 0.2908 1.507 0.008027 0.0 0.0 5975.0 85980.0 323900.0 1118000.0 5141000.0 12840000.0 1689000000.0 0.0 0.0
30 26 0.007048 0.01378 0.05462 0.1513 0.3739 1.561 0.0 0.0 0.0 2680.0 77830.0 348900.0 1241000.0 5902000.0 14030000.0 0.0 0.0 0.0
36 32 0.003039 0.04349 0.124 0.2476 0.9188 1.795 0.0 0.0 0.0 14960.0 165200.0 591700.0 1971000.0 10400000.0 21760000.0 0.0 0.0 0.0
42 38 0.008117 0.05787 0.1885 0.3663 1.106 2.419 0.0 0.0 0.0 20300.0 195000.0 758800.0 2517000.0 12290000.0 29020000.0 0.0 0.0 0.0
54 50 0.01421 0.1644 0.3451 0.8063 1.748 2.827 0.0 0.0 0.0 48100.0 433100.0 1376000.0 4822000.0 20960000.0 49560000.0 0.0 0.0 0.0
7 2 1.658e-08 2.76e-08 2.391e-09 7.585e-07 0.0003012 0.0007132 0.0 0.0 0.0 12.65 84.25 296.4 5923.0 127800.0 218400.0 0.0 0.0 0.0
8 3 1.627e-07 1.262e-07 6.663e-07 3.925e-06 0.002406 0.001146 0.0 0.0 0.0 45.35 284.7 4166.0 28770.0 195300.0 364600.0 0.0 0.0 0.0
9 4 3.771e-06 5.399e-07 3.307e-06 1.861e-05 0.002146 0.004197 0.002313 0.0 0.0 133.7 757.5 7973.0 32790.0 195600.0 329800.0 673500.0 0.0 0.0
10 5 2.922e-06 7.144e-06 2.836e-05 9.82e-05 0.008379 0.01009 0.0 0.0 0.0 205.0 2205.0 9271.0 49880.0 290400.0 878200.0 0.0 0.0 0.0
11 6 0.0001118 1.974e-05 6.61e-05 0.0003533 0.01082 0.02061 0.002115 0.0 0.0 345.5 2293.0 16700.0 72030.0 334300.0 1090000.0 1987000.0 0.0 0.0
12 7 2.931e-05 5.192e-05 0.0001769 0.0007988 0.01488 0.04546 0.0001505 0.0 0.0 766.7 3444.0 24090.0 119000.0 399900.0 1502000.0 24640000.0 0.0 0.0
13 8 3.236e-05 7.821e-05 0.0003899 0.002106 0.02015 0.0771 0.0 0.0 0.0 935.7 4775.0 37960.0 161900.0 495400.0 1885000.0 0.0 0.0 0.0
14 9 0.0005845 0.00066 0.000718 0.01714 0.02958 0.1075 0.0 0.0 0.0 985.6 6577.0 42810.0 394400.0 1296000.0 2441000.0 0.0 0.0 0.0
15 10 4.963e-05 0.0002021 0.0006269 0.007312 0.02811 0.188 0.0006513 0.0 0.0 1715.0 10280.0 41950.0 262900.0 727200.0 2704000.0 36710000.0 0.0 0.0
16 11 0.0001371 0.0003096 0.001782 0.01278 0.03323 0.2593 0.0 0.0 0.0 1505.0 11000.0 67200.0 336400.0 968600.0 3195000.0 0.0 0.0 0.0
17 12 0.0002671 0.001439 0.003183 0.006145 0.02694 0.1149 0.2573 0.0 0.0 1837.0 15050.0 66550.0 330500.0 639400.0 2563000.0 4071000.0 0.0 0.0
18 13 0.000215 0.0006864 0.002705 0.02338 0.04951 0.4399 0.0008728 0.0 0.0 2258.0 14950.0 90670.0 478000.0 1538000.0 4274000.0 46810000.0 0.0 0.0
19 14 0.0004556 0.003209 0.00377 0.02918 0.06498 0.5392 0.001074 0.0 0.0 1657.0 20280.0 105500.0 532600.0 1891000.0 4863000.0 373800000.0 0.0 0.0
20 15 0.0002456 0.001305 0.005715 0.03863 0.11 0.6152 0.001463 0.0 0.0 3806.0 23100.0 119400.0 617100.0 2656000.0 5600000.0 85560000.0 0.0 0.0
21 16 0.0004633 0.00452 0.006443 0.04011 0.1153 0.7416 0.001196 0.0 0.0 4064.0 28740.0 126900.0 616600.0 2629000.0 6192000.0 32960000.0 0.0 0.0
22 17 0.004345 0.005154 0.009236 0.04555 0.1538 0.833 0.0 0.0 0.0 4104.0 22310.0 146100.0 682900.0 3109000.0 6933000.0 0.0 0.0 0.0
23 18 0.003966 0.012 0.0117 0.05053 0.1695 0.9674 0.001429 0.0 0.0 3971.0 26800.0 168100.0 746000.0 3310000.0 7627000.0 62160000.0 0.0 0.0
24 19 0.001192 0.006885 0.01333 0.05489 0.2236 1.064 0.0 0.0 0.0 3361.0 41030.0 170800.0 762900.0 3700000.0 8444000.0 0.0 0.0 0.0
25 20 0.001599 0.01369 0.01904 0.06204 0.1699 1.256 0.006804 0.0 0.0 7070.0 49020.0 196700.0 948600.0 3444000.0 8852000.0 88950000.0 0.0 0.0
26 21 0.002565 0.01685 0.01827 0.06957 0.3254 0.5101 0.7325 0.0 0.0 6553.0 43510.0 205900.0 925000.0 4610000.0 10190000.0 10190000.0 0.0 0.0
27 22 0.006548 0.0132 0.02041 0.05761 0.1957 1.548 0.008802 0.0 0.0 9540.0 51790.0 208000.0 823800.0 3231000.0 10270000.0 137900000.0 0.0 0.0
28 23 0.00218 0.01906 0.02225 0.08285 0.3426 1.528 0.0 0.0 0.0 13890.0 69900.0 270000.0 1049000.0 4925000.0 11770000.0 0.0 0.0 0.0
29 24 0.001873 0.02409 0.03085 0.09358 0.4471 1.587 0.0 0.0 0.0 5412.0 63680.0 290200.0 1176000.0 5682000.0 12900000.0 0.0 0.0 0.0
30 25 0.00279 0.02929 0.04506 0.08789 0.3605 1.86 0.01109 0.0 0.0 9821.0 62500.0 294900.0 1158000.0 4980000.0 13260000.0 325900000.0 0.0 0.0
36 31 0.002377 0.03774 0.0928 0.1821 0.8126 2.378 0.01394 0.0 0.0 16890.0 138800.0 507900.0 1839000.0 9093000.0 20400000.0 1506000000.0 0.0 0.0
42 37 0.05494 0.04012 0.1659 0.2863 1.304 2.914 0.0 0.0 0.0 37320.0 136100.0 753900.0 2606000.0 12380000.0 28570000.0 0.0 0.0 0.0
54 49 0.008187 0.05524 0.3499 0.7341 2.275 3.376 0.0 0.0 0.0 131100.0 387100.0 1455000.0 5097000.0 21490000.0 49100000.0 0.0 0.0 0.0
8 2 5.629e-08 2.55e-07 0.0006173 0.0001627 0.0 0.0 0.0 0.0 0.0 5395.0 17700.0 167100.0 268700.0 0.0 0.0 0.0 0.0 0.0
9 3 4.223e-07 2.655e-06 9.461e-06 0.00339 0.001073 0.0 0.0 0.0 0.0 2017.0 5687.0 27840.0 216100.0 529500.0 0.0 0.0 0.0 0.0
10 4 2.763e-06 1.053e-05 4.453e-05 0.006244 0.0003146 0.004465 0.0 0.0 0.0 639.3 1499.0 32270.0 256100.0 450500.0 793400.0 0.0 0.0 0.0
11 5 2.447e-06 1.008e-05 8.172e-05 0.0002254 0.009976 0.01237 0.0 0.0 0.0 2229.0 4689.0 22970.0 94530.0 312200.0 1079000.0 0.0 0.0 0.0
12 6 2.407e-05 0.0001187 0.0003845 0.01333 0.02804 0.0008746 0.0 0.0 0.0 8061.0 21540.0 66400.0 340600.0 1327000.0 3347000.0 0.0 0.0 0.0
13 7 1.46e-05 9.728e-05 0.000683 0.0123 0.00966 0.05047 0.0 0.0 0.0 467.1 12340.0 41780.0 334500.0 694200.0 1786000.0 0.0 0.0 0.0
14 8 5.272e-05 0.0002282 0.001345 0.02246 0.09606 0.0008366 0.0 0.0 0.0 2829.0 26170.0 137400.0 452000.0 2072000.0 7808000.0 0.0 0.0 0.0
15 9 0.000154 0.0008484 0.003171 0.027 0.1512 0.001201 0.0 0.0 0.0 7080.0 46790.0 190000.0 539500.0 2499000.0 10130000.0 0.0 0.0 0.0
16 10 0.000183 0.001551 0.001717 0.02798 0.06933 0.1727 0.0 0.0 0.0 11220.0 31210.0 93480.0 479200.0 2052000.0 3291000.0 0.0 0.0 0.0
17 11 0.0003154 0.0005858 0.002821 0.03456 0.0855 0.2598 0.002163 0.0 0.0 3028.0 14530.0 126600.0 551100.0 2414000.0 3713000.0 1357000000.0 0.0 0.0
18 12 7.762e-05 0.0002947 0.002841 0.02215 0.03892 0.4219 0.01418 0.0 0.0 2836.0 16240.0 84270.0 422300.0 1125000.0 3906000.0 5900000.0 0.0 0.0
19 13 0.0001085 0.001099 0.005443 0.04604 0.2289 0.3734 0.0 0.0 0.0 7952.0 23670.0 92010.0 635600.0 3329000.0 5129000.0 0.0 0.0 0.0
20 14 0.0001162 0.002105 0.00408 0.03587 0.0808 0.7038 0.0 0.0 0.0 3547.0 26720.0 98980.0 510400.0 1930000.0 5204000.0 0.0 0.0 0.0
21 15 0.0003682 0.001807 0.008768 0.06135 0.453 0.4869 212.2 0.0 0.0 1077.0 27730.0 119100.0 726400.0 4368000.0 6703000.0 21400000000.0 0.0 0.0
22 16 0.0003803 0.001547 0.007962 0.05152 0.2004 0.9423 0.0 0.0 0.0 2814.0 25050.0 128200.0 645300.0 3169000.0 6733000.0 0.0 0.0 0.0
23 17 0.0003125 0.003092 0.01216 0.06128 0.173 1.162 0.1752 0.0 0.0 10300.0 46040.0 148000.0 786000.0 3301000.0 7175000.0 8061000000.0 0.0 0.0
24 18 0.003284 0.00946 0.05698 0.2407 1.314 0.0 0.0 0.0 0.0 15450.0 70770.0 600500.0 3383000.0 7993000.0 0.0 0.0 0.0 0.0
25 19 0.0006023 0.00584 0.01247 0.07276 0.312 1.458 0.001656 0.0 0.0 5132.0 46040.0 192300.0 846000.0 4222000.0 8800000.0 49980000.0 0.0 0.0
26 20 0.002106 0.006569 0.01532 0.03799 0.07669 0.6701 1.298 0.0 0.0 4463.0 35450.0 194400.0 614800.0 1635000.0 6100000.0 10260000.0 0.0 0.0
27 21 0.001762 0.00732 0.02261 0.08218 0.3839 1.87 0.004275 0.0 0.0 8757.0 60610.0 213900.0 947000.0 4648000.0 10320000.0 1135000000.0 0.0 0.0
28 22 0.001685 0.01129 0.02219 0.08431 0.3983 2.101 0.0 0.0 0.0 2629.0 64940.0 236000.0 967200.0 4719000.0 11080000.0 0.0 0.0 0.0
29 23 0.00354 0.01067 0.0305 0.09291 0.5694 2.18 0.0 0.0 0.0 1603.0 68120.0 265900.0 1076000.0 5614000.0 12230000.0 0.0 0.0 0.0
30 24 0.001512 0.0143 0.02785 0.06244 0.1471 1.246 1.645 0.0 0.0 8677.0 63980.0 268900.0 821000.0 2715000.0 8661000.0 14550000.0 0.0 0.0
36 30 0.003781 0.02728 0.07807 0.1408 0.8875 3.567 0.0 0.0 0.0 26580.0 121800.0 463600.0 1562000.0 7368000.0 18750000.0 0.0 0.0 0.0
42 36 0.002786 0.04996 0.1296 0.2675 1.637 4.136 0.0 0.0 0.0 145300.0 327800.0 788300.0 2648000.0 11430000.0 26750000.0 0.0 0.0 0.0
54 48 0.0008123 0.0292 0.2637 0.6707 3.003 4.74 0.0 0.0 0.0 69610.0 357700.0 1444000.0 5008000.0 20290000.0 46670000.0 0.0 0.0 0.0
9 2 3.096e-09 8.151e-09 9.651e-09 1.431e-08 5.503e-06 0.0009522 0.0 0.0 0.0 4.456 115.5 443.4 14040.0 129600.0 238000.0 0.0 0.0 0.0
10 3 2.98e-08 1.257e-07 1.122e-06 0.002626 0.0008802 1.231 0.0 0.0 0.0 45.79 475.3 14810.0 281000.0 476300.0 467700000.0 0.0 0.0 0.0
11 4 3.117e-07 1.869e-06 5.359e-06 0.003042 0.004918 0.0005673 0.0 0.0 0.0 341.1 2826.0 14310.0 286700.0 557400.0 1215000.0 0.0 0.0 0.0
12 5 2.574e-06 2.001e-06 1.829e-05 2.362e-05 0.006413 0.004118 0.007224 0.0 0.0 112.9 1585.0 11930.0 41510.0 368400.0 692500.0 1150000.0 0.0 0.0
13 6 1.096e-06 7.112e-06 1.379e-05 7.521e-05 0.0004704 0.01179 0.02374 0.0 0.0 1543.0 4115.0 18900.0 71370.0 287300.0 540600.0 1418000.0 0.0 0.0
14 7 2.086e-06 9.423e-06 3.423e-05 0.000395 0.01535 0.04986 0.0004067 0.0 0.0 370.8 3870.0 22260.0 131800.0 528500.0 1742000.0 8392000.0 0.0 0.0
15 8 4.267e-06 4.415e-05 0.0001083 0.00102 0.01842 0.03816 0.05215 0.0 0.0 1057.0 6996.0 28080.0 171200.0 609500.0 1845000.0 2373000.0 0.0 0.0
16 9 2.924e-05 0.0003366 0.0002104 0.0191 -0.0004017 0.06541 0.09546 0.0 0.0 719.2 7490.0 45100.0 558600.0 383000.0 1976000.0 2894000.0 0.0 0.0
17 10 2.257e-05 6.796e-05 0.0002448 0.003062 0.029 0.2278 0.002475 0.0 0.0 1599.0 8030.0 50650.0 297300.0 815900.0 2999000.0 6580000.0 0.0 0.0
18 11 1.299e-05 0.0002298 0.001023 0.009294 0.03957 0.3174 0.00345 0.0 0.0 1535.0 14640.0 60050.0 418600.0 1213000.0 3562000.0 5367000.0 0.0 0.0
19 12 7.004e-05 0.0003034 0.001258 0.01743 0.05124 0.4398 0.001119 0.0 0.0 1014.0 14350.0 65150.0 580800.0 1661000.0 4153000.0 17950000.0 0.0 0.0
20 13 0.0003172 0.0007229 0.000565 0.02096 0.09479 0.5528 0.001308 0.0 0.0 3452.0 12260.0 91660.0 608400.0 2203000.0 4865000.0 275100000.0 0.0 0.0
21 14 0.0001144 0.0003125 0.001268 0.02518 0.09349 0.7214 0.0 0.0 0.0 3139.0 19850.0 118800.0 661200.0 2289000.0 5372000.0 0.0 0.0 0.0
22 15 6.25e-05 0.000504 0.00314 0.03137 0.09763 0.8181 0.08169 0.0 0.0 3878.0 24100.0 130200.0 761200.0 2654000.0 5705000.0 9183000.0 0.0 0.0
23 16 0.0001015 0.001702 0.005007 0.03709 0.08722 1.11 0.01219 0.0 0.0 5280.0 35910.0 117800.0 854700.0 2599000.0 6447000.0 240700000.0 0.0 0.0
24 17 0.0002054 0.003637 0.00315 0.04207 0.09411 0.4532 0.8638 0.0 0.0 6785.0 36730.0 133000.0 916100.0 3229000.0 5409000.0 8193000.0 0.0 0.0
25 18 0.0001965 0.002932 0.003563 0.04839 0.2397 1.389 0.01099 0.0 0.0 4767.0 39130.0 169000.0 982500.0 3938000.0 8149000.0 74600000.0 0.0 0.0
26 19 0.0002033 0.001159 0.005567 0.05482 0.337 1.518 0.0 0.0 0.0 3502.0 35570.0 217700.0 1078000.0 4515000.0 9050000.0 0.0 0.0 0.0
27 20 0.0002682 0.001349 0.00847 0.06186 0.2756 1.78 0.00976 0.0 0.0 8868.0 43710.0 238700.0 1191000.0 4431000.0 9551000.0 102900000.0 0.0 0.0
28 21 0.0002734 0.001839 0.01211 0.06867 0.4983 1.834 0.0 0.0 0.0 8502.0 50980.0 242700.0 1291000.0 5474000.0 10890000.0 0.0 0.0 0.0
29 22 0.0002772 0.003515 0.01847 0.07789 0.5809 1.927 0.06583 0.0 0.0 3945.0 64640.0 245900.0 1417000.0 6008000.0 11540000.0 26640000.0 0.0 0.0
30 23 0.0001771 0.008102 0.01921 0.08696 0.7382 2.062 0.0 0.0 0.0 7113.0 79690.0 257900.0 1527000.0 6624000.0 12880000.0 0.0 0.0 0.0
36 29 0.001702 0.01488 0.03808 0.1694 1.431 2.813 0.09233 0.0 0.0 16630.0 117600.0 488300.0 2389000.0 9820000.0 18980000.0 47330000.0 0.0 0.0
42 35 0.008091 0.03092 0.08313 0.2948 2.371 3.272 0.02293 0.0 0.0 32800.0 127500.0 790700.0 3525000.0 13890000.0 28030000.0 765800000.0 0.0 0.0
54 47 0.05634 0.08947 0.3537 2.947 4.789 0.0 0.0 0.0 0.0 91130.0 490900.0 2757000.0 16320000.0 47620000.0 0.0 0.0 0.0 0.0
10 2 4.152e-09 4.656e-09 1.31e-08 1.417e-09 0.0007968 1.271e-05 0.0 0.0 0.0 26.89 202.1 720.0 48920.0 314400.0 673800.0 0.0 0.0 0.0
11 3 2.756e-08 8.094e-08 8.456e-08 0.001712 0.0008783 4.129e-06 0.0 0.0 0.0 21.34 455.0 1602.0 363200.0 569000.0 2171000.0 0.0 0.0 0.0
12 4 9.4e-08 3.818e-07 2.064e-07 2.71e-05 0.003802 0.003086 0.0 0.0 0.0 266.0 1141.0 3210.0 172700.0 452300.0 910500.0 0.0 0.0 0.0
13 5 3.238e-07 1.152e-06 2.336e-06 6.909e-06 0.001925 0.005081 0.009317 0.0 0.0 248.8 1793.0 9919.0 43670.0 401200.0 651300.0 1261000.0 0.0 0.0
14 6 7.163e-07 2.656e-06 1.119e-06 4.796e-05 0.004052 0.006101 0.02366 0.0 0.0 562.5 2952.0 9682.0 147300.0 506400.0 804700.0 1623000.0 0.0 0.0
15 7 1.366e-05 5.884e-06 1.645e-06 0.000267 0.009272 0.03583 0.02141 0.0 0.0 706.4 4529.0 13690.0 282400.0 651100.0 1711000.0 2295000.0 0.0 0.0
16 8 2.585e-06 9.517e-06 5.194e-06 0.0003715 0.01553 0.1013 0.0 0.0 0.0 1277.0 5978.0 20970.0 229200.0 797400.0 2376000.0 0.0 0.0 0.0
17 9 4.411e-06 1.673e-05 4.946e-05 0.0007314 0.007624 0.02206 0.1559 0.0 0.0 791.5 7093.0 41850.0 250800.0 720300.0 1364000.0 2906000.0 0.0 0.0
18 10 6.816e-06 3.234e-05 0.0002038 0.002187 0.03042 0.2542 0.0 0.0 0.0 2083.0 10960.0 49990.0 423800.0 1218000.0 3344000.0 0.0 0.0 0.0
19 11 1.028e-05 3.912e-05 2.908e-05 0.004456 0.04759 0.362 0.0 0.0 0.0 1446.0 11490.0 44160.0 514000.0 1596000.0 3914000.0 0.0 0.0 0.0
20 12 1.42e-05 5.39e-05 9.249e-05 0.005689 0.0533 0.4953 0.001608 0.0 0.0 4047.0 16140.0 73850.0 533100.0 1746000.0 4406000.0 92850000.0 0.0 0.0
21 13 2.048e-05 8.478e-05 0.000382 0.008275 0.07064 0.6447 0.0 0.0 0.0 3207.0 18560.0 97490.0 627700.0 2072000.0 5017000.0 0.0 0.0 0.0
22 14 4.94e-05 0.0002716 0.0007942 0.01454 0.1246 0.786 0.0 0.0 0.0 2500.0 16060.0 99980.0 832500.0 2823000.0 5761000.0 0.0 0.0 0.0
23 15 7.22e-05 0.001162 0.0001712 0.01673 0.1883 0.9285 0.0 0.0 0.0 7649.0 24840.0 120400.0 882300.0 3324000.0 6527000.0 0.0 0.0 0.0
24 16 4.964e-05 0.0001759 0.000459 0.01902 0.2169 1.123 0.0 0.0 0.0 3497.0 27560.0 138700.0 909200.0 3640000.0 7150000.0 0.0 0.0 0.0
25 17 6.185e-05 0.0002207 0.001158 0.02408 0.3187 1.264 0.0 0.0 0.0 9539.0 37210.0 189700.0 1026000.0 4201000.0 8097000.0 0.0 0.0 0.0
26 18 8.207e-05 0.0002766 0.001897 0.02842 0.4022 1.434 0.0 0.0 0.0 6365.0 38420.0 200200.0 1150000.0 4736000.0 8891000.0 0.0 0.0 0.0
27 19 9.885e-05 0.0005007 0.002833 0.03415 0.3743 1.703 0.0 0.0 0.0 17170.0 58940.0 200500.0 1290000.0 4814000.0 9477000.0 0.0 0.0 0.0
28 20 0.0001505 0.001332 0.004083 0.03905 0.3896 1.942 0.0 0.0 0.0 4752.0 56080.0 181000.0 1397000.0 5038000.0 10210000.0 0.0 0.0 0.0
29 21 0.0002533 0.003926 0.00191 0.04301 0.63 1.961 0.0 0.0 0.0 25400.0 69560.0 237700.0 1466000.0 6001000.0 11450000.0 0.0 0.0 0.0
30 22 0.00364 0.0006501 0.002472 0.04848 1.214 1.647 0.0 0.0 0.0 8377.0 36150.0 256600.0 1566000.0 7424000.0 13830000.0 0.0 0.0 0.0
36 28 0.0005695 0.003094 0.01524 0.105 1.604 2.851 0.0 0.0 0.0 15850.0 138800.0 410600.0 2524000.0 9911000.0 19380000.0 0.0 0.0 0.0
42 34 0.001441 0.01975 0.02717 0.2075 2.372 3.522 0.0 0.0 0.0 13500.0 133200.0 895200.0 3971000.0 13610000.0 27140000.0 0.0 0.0 0.0
54 46 0.003028 0.05535 0.07595 0.4991 4.454 3.327 0.0 0.0 0.0 43470.0 259800.0 1809000.0 7441000.0 25020000.0 51770000.0 0.0 0.0 0.0
11 2 2.673e-06 0.0001918 1.491e-05 0.0 0.0 0.0 0.0 0.0 0.0 302700.0 373200.0 478700.0 0.0 0.0 0.0 0.0 0.0 0.0
12 3 6.269e-06 0.0009181 0.0003082 0.0 0.0 0.0 0.0 0.0 0.0 410400.0 576600.0 731000.0 0.0 0.0 0.0 0.0 0.0 0.0
13 4 2.468e-05 0.002913 0.0007028 0.0 0.0 0.0 0.0 0.0 0.0 537500.0 843600.0 1220000.0 0.0 0.0 0.0 0.0 0.0 0.0
14 5 0.0001422 0.009474 0.00165 0.0 0.0 0.0 0.0 0.0 0.0 768500.0 1208000.0 1839000.0 0.0 0.0 0.0 0.0 0.0 0.0
15 6 0.0005482 0.02391 0.003478 0.0 0.0 0.0 0.0 0.0 0.0 952000.0 1598000.0 2594000.0 0.0 0.0 0.0 0.0 0.0 0.0
16 7 3.931e-05 0.004431 0.05156 0.0 0.0 0.0 0.0 0.0 0.0 945500.0 1365000.0 2169000.0 0.0 0.0 0.0 0.0 0.0 0.0
17 8 0.0001698 0.05325 0.05717 -0.005152 0.0 0.0 0.0 0.0 0.0 1146000.0 2055000.0 3348000.0 7186000.0 0.0 0.0 0.0 0.0 0.0
18 9 0.0004331 0.09003 0.08756 -0.01061 0.0 0.0 0.0 0.0 0.0 1351000.0 2428000.0 4147000.0 8446000.0 0.0 0.0 0.0 0.0 0.0
19 10 0.001105 0.1401 0.1187 -0.01088 0.0 0.0 0.0 0.0 0.0 1586000.0 2822000.0 4900000.0 10900000.0 0.0 0.0 0.0 0.0 0.0
20 11 0.002582 0.2139 0.1622 -0.0129 0.0 0.0 0.0 0.0 0.0 1843000.0 3280000.0 5733000.0 15920000.0 0.0 0.0 0.0 0.0 0.0
21 12 0.0002067 0.0143 0.3308 0.1649 0.0 0.0 0.0 0.0 0.0 1764000.0 2395000.0 3927000.0 6349000.0 0.0 0.0 0.0 0.0 0.0
22 13 0.0002689 0.02456 0.4341 0.1991 0.0 0.0 0.0 0.0 0.0 1950000.0 2697000.0 4469000.0 7175000.0 0.0 0.0 0.0 0.0 0.0
23 14 0.0003408 0.03619 0.5639 0.2305 0.0 0.0 0.0 0.0 0.0 2143000.0 2999000.0 5072000.0 8185000.0 0.0 0.0 0.0 0.0 0.0
24 15 0.0004254 0.04884 0.7084 0.263 0.0 0.0 0.0 0.0 0.0 2344000.0 3315000.0 5702000.0 9254000.0 0.0 0.0 0.0 0.0 0.0
25 16 0.000446 0.05456 0.895 0.2852 0.0 0.0 0.0 0.0 0.0 2546000.0 3590000.0 6378000.0 10740000.0 0.0 0.0 0.0 0.0 0.0
26 17 0.0006342 0.0835 1.045 0.3663 -0.03955 0.0 0.0 0.0 0.0 2770000.0 3978000.0 7052000.0 13000000.0 35790000.0 0.0 0.0 0.0 0.0
27 18 0.0006806 0.111 1.257 0.3878 -0.05179 0.0 0.0 0.0 0.0 2987000.0 4313000.0 7789000.0 14990000.0 33630000.0 0.0 0.0 0.0 0.0
28 19 0.0008974 0.1503 1.43 0.4124 -0.04913 0.0 0.0 0.0 0.0 3226000.0 4706000.0 8532000.0 16280000.0 50070000.0 0.0 0.0 0.0 0.0
29 20 0.0009665 0.1824 1.644 0.442 -0.06744 0.0 0.0 0.0 0.0 3459000.0 5060000.0 9326000.0 18650000.0 42230000.0 0.0 0.0 0.0 0.0
30 21 0.001214 0.2324 1.834 0.4752 -0.06907 0.0 0.0 0.0 0.0 3712000.0 5472000.0 10120000.0 20020000.0 44970000.0 0.0 0.0 0.0 0.0
36 27 0.003071 0.6546 2.996 0.5957 -0.09119 0.0 0.0 0.0 0.0 5152000.0 7805000.0 15360000.0 32390000.0 74200000.0 0.0 0.0 0.0 0.0
42 33 0.007112 1.034 3.939 0.8345 -0.1142 0.0 0.0 0.0 0.0 6922000.0 10400000.0 20990000.0 45080000.0 117800000.0 0.0 0.0 0.0 0.0
54 45 0.01389 2.077 5.541 0.9301 -0.1543 0.0 0.0 0.0 0.0 10440000.0 17030000.0 36660000.0 90360000.0 255900000.0 0.0 0.0 0.0 0.0
12 2 3.871e-08 4.732e-07 0.001599 2.628e-05 0.0 0.0 0.0 0.0 0.0 8415.0 16820.0 50000.0 275900.0 0.0 0.0 0.0 0.0 0.0
13 3 1.629e-06 3.584e-06 1.244e-05 0.004155 0.0002904 0.0 0.0 0.0 0.0 3809.0 5120.0 21660.0 76350.0 847700.0 0.0 0.0 0.0 0.0
14 4 3.819e-06 2.421e-05 0.0002283 0.008604 0.002617 0.0 0.0 0.0 0.0 3802.0 12800.0 59530.0 102600.0 1154000.0 0.0 0.0 0.0 0.0
15 5 2.722e-07 7.538e-05 0.0001466 0.01402 0.0005283 0.00328 0.0 0.0 0.0 3732.0 24070.0 52130.0 124700.0 805300.0 1513000.0 0.0 0.0 0.0
16 6 2.816e-06 3.172e-05 0.0001832 0.00436 0.01618 0.007707 0.0 0.0 0.0 7590.0 15580.0 40130.0 115600.0 160100.0 1839000.0 0.0 0.0 0.0
17 7 2.041e-05 0.0002386 0.0008413 0.02724 0.008375 0.01595 0.0 0.0 0.0 12790.0 22380.0 65870.0 178600.0 1782000.0 2767000.0 0.0 0.0 0.0
18 8 0.0001016 0.0007473 0.03394 0.002398 0.0253 0.0 0.0 0.0 0.0 15130.0 47840.0 192600.0 690400.0 2715000.0 0.0 0.0 0.0 0.0
19 9 1.03e-06 0.0003755 0.001354 0.04108 0.004373 0.04094 0.0 0.0 0.0 2685.0 16840.0 57290.0 214100.0 855600.0 3198000.0 0.0 0.0 0.0
20 10 6.508e-05 0.0008795 0.006576 0.0478 0.05167 0.01859 0.0 0.0 0.0 3711.0 44210.0 118900.0 260300.0 3099000.0 5016000.0 0.0 0.0 0.0
21 11 0.000112 0.001532 0.002899 0.05815 0.009603 0.1027 0.0006511 0.0 0.0 2655.0 18610.0 53160.0 260400.0 1186000.0 4210000.0 18960000.0 0.0 0.0
22 12 0.0001264 0.0008031 0.004274 0.06761 0.01252 0.1583 0.001625 0.0 0.0 4550.0 14340.0 99890.0 287900.0 1331000.0 4770000.0 39990000.0 0.0 0.0
23 13 3.51e-05 0.001137 0.008161 0.07833 0.02057 0.05152 0.1922 0.0 0.0 12090.0 40970.0 116300.0 318200.0 1659000.0 4589000.0 5804000.0 0.0 0.0
24 14 0.0001437 0.002295 0.01174 0.08706 0.03242 0.117 0.2616 0.0 0.0 8994.0 27340.0 109100.0 343000.0 1913000.0 5724000.0 6593000.0 0.0 0.0
25 15 0.00105 0.00585 0.01115 0.09993 0.06156 0.5521 0.0 0.0 0.0 9125.0 27300.0 106500.0 371800.0 2640000.0 7225000.0 0.0 0.0 0.0
26 16 0.0007676 0.005587 0.1152 0.04929 0.7274 0.007347 0.0 0.0 0.0 29350.0 81580.0 359100.0 1735000.0 7545000.0 46340000.0 0.0 0.0 0.0
27 17 0.001243 0.008226 0.1223 0.04428 0.3794 0.5032 0.0 0.0 0.0 11050.0 80030.0 361300.0 1193000.0 6235000.0 9861000.0 0.0 0.0 0.0
28 18 0.0003419 0.004806 0.0342 0.1305 0.1145 0.9603 0.01076 0.0 0.0 15310.0 45150.0 190500.0 470300.0 3115000.0 9270000.0 34900000.0 0.0 0.0
29 19 0.003268 0.008279 0.04809 0.1384 0.2247 1.03 0.0 0.0 0.0 13530.0 62650.0 208900.0 542300.0 4439000.0 10590000.0 0.0 0.0 0.0
30 20 0.0008941 0.01879 0.04694 0.156 0.2083 1.258 0.008934 0.0 0.0 8004.0 57300.0 226800.0 560900.0 4164000.0 11060000.0 39000000.0 0.0 0.0
36 26 0.001658 0.0598 0.1403 0.1958 0.5874 2.472 0.01321 0.0 0.0 31640.0 112000.0 405500.0 899200.0 6219000.0 16600000.0 230800000.0 0.0 0.0
42 32 0.01256 0.04977 0.3037 0.2477 1.007 3.57 0.0274 0.0 0.0 32250.0 128500.0 587600.0 1354000.0 7962000.0 22730000.0 491000000.0 0.0 0.0
54 44 0.03876 0.1393 0.8111 0.3756 3.164 5.596 0.0 0.0 0.0 63110.0 263500.0 1087000.0 3678000.0 16930000.0 42380000.0 0.0 0.0 0.0
13 2 4.495e-07 2.61e-06 0.003816 0.0005803 0.0 0.0 0.0 0.0 0.0 4937.0 13950.0 82580.0 110300.0 0.0 0.0 0.0 0.0 0.0
14 3 2.93e-06 2.803e-06 9.023e-05 0.006909 2.582e-05 0.0 0.0 0.0 0.0 116.2 5721.0 34770.0 117600.0 3505000.0 0.0 0.0 0.0 0.0
15 4 6.763e-06 3.864e-06 3.456e-05 0.0002562 0.0143 0.0002623 0.0 0.0 0.0 1532.0 2588.0 7095.0 41710.0 147700.0 1083000.0 0.0 0.0 0.0
16 5 9.571e-06 6.268e-05 0.0003807 0.01874 0.005526 0.0 0.0 0.0 0.0 1180.0 6443.0 22640.0 153000.0 356400.0 0.0 0.0 0.0 0.0
17 6 1.298e-05 6.784e-05 0.0002295 0.003446 0.03153 0.002824 0.0 0.0 0.0 1010.0 3305.0 17170.0 85410.0 209800.0 2381000.0 0.0 0.0 0.0
18 7 5.219e-05 0.0003268 0.001514 0.005551 0.04596 0.007266 0.0 0.0 0.0 1469.0 5106.0 23470.0 110400.0 241500.0 2713000.0 0.0 0.0 0.0
19 8 9.176e-05 0.0001519 0.002585 0.01364 0.05097 0.01478 0.0 0.0 0.0 1915.0 6277.0 36140.0 146700.0 286000.0 3142000.0 0.0 0.0 0.0
20 9 0.0001697 0.0007725 0.00514 0.03397 0.04806 0.02745 0.0 0.0 0.0 1590.0 7651.0 42820.0 204700.0 345900.0 3715000.0 0.0 0.0 0.0
21 10 0.0001474 0.002209 0.00766 0.08018 0.01978 0.04575 0.0 0.0 0.0 3767.0 15890.0 51820.0 269800.0 568600.0 4220000.0 0.0 0.0 0.0
22 11 0.0008273 0.002017 0.01378 0.1013 0.01471 0.07139 0.0 0.0 0.0 2485.0 10240.0 74550.0 317300.0 921000.0 4932000.0 0.0 0.0 0.0
23 12 0.0002311 0.002759 0.01129 0.0599 0.0843 0.1084 0.0 0.0 0.0 3489.0 17480.0 83290.0 371700.0 771500.0 5480000.0 0.0 0.0 0.0
24 13 5.905e-05 0.00096 0.006084 0.1501 0.03658 0.1516 0.0 0.0 0.0 3264.0 17860.0 115500.0 501700.0 1482000.0 6212000.0 0.0 0.0 0.0
25 14 0.002366 0.005896 0.0307 0.1583 0.03571 0.1973 0.0 0.0 0.0 3889.0 19140.0 115500.0 451100.0 3366000.0 7114000.0 0.0 0.0 0.0
26 15 0.0005636 0.00786 0.05063 0.1753 0.1209 0.1934 0.0 0.0 0.0 3628.0 24890.0 140500.0 513300.0 5018000.0 8689000.0 0.0 0.0 0.0
27 16 0.0009588 0.006088 0.06343 0.2017 0.3882 0.01544 0.0 0.0 0.0 4456.0 27640.0 153800.0 587200.0 7474000.0 27950000.0 0.0 0.0 0.0
28 17 0.001245 0.009965 0.07187 0.2085 0.1244 0.3076 0.0 0.0 0.0 4018.0 37010.0 160300.0 619000.0 5227000.0 10310000.0 0.0 0.0 0.0
29 18 0.002213 0.02605 0.08267 0.2375 0.5413 0.1318 0.0 0.0 0.0 6663.0 39490.0 201800.0 713000.0 8237000.0 15450000.0 0.0 0.0 0.0
30 19 0.003351 0.01588 0.109 0.2493 0.2751 0.5147 0.0 0.0 0.0 7215.0 34790.0 227100.0 763100.0 6263000.0 12100000.0 0.0 0.0 0.0
36 25 0.02586 0.05166 0.3166 0.3618 0.5225 1.313 0.0 0.0 0.0 13940.0 55690.0 388800.0 1303000.0 7236000.0 17280000.0 0.0 0.0 0.0
42 31 0.02112 0.1513 0.5414 0.5273 1.275 1.917 0.0 0.0 0.0 14910.0 120000.0 537300.0 1993000.0 10520000.0 25070000.0 0.0 0.0 0.0
54 43 0.09924 0.2073 1.331 1.017 2.607 4.419 0.0 0.0 0.0 14540.0 194000.0 1095000.0 4201000.0 17320000.0 41640000.0 0.0 0.0 0.0
14 2 3.408e-08 1.913e-07 1.679e-07 7.523e-07 8.386e-05 0.004083 0.0 0.0 0.0 24.31 129.3 427.2 3729.0 55140.0 129500.0 0.0 0.0 0.0
15 3 8.183e-08 4.003e-07 5.304e-06 1.889e-05 0.0005417 0.01192 0.0 0.0 0.0 71.31 508.3 2325.0 18890.0 75130.0 171300.0 0.0 0.0 0.0
16 4 5.817e-07 1.391e-06 1.123e-05 0.0001521 0.001875 0.02097 0.0 0.0 0.0 362.8 1058.0 7160.0 32600.0 123500.0 207000.0 0.0 0.0 0.0
17 5 1.399e-06 1.378e-05 0.0001214 0.0004726 0.01128 0.02993 0.0 0.0 0.0 577.6 2714.0 10670.0 48220.0 174000.0 265600.0 0.0 0.0 0.0
18 6 4.315e-06 4.317e-05 0.0003533 0.0004357 0.008878 0.04951 0.0 0.0 0.0 311.5 3490.0 16650.0 50150.0 156900.0 301900.0 0.0 0.0 0.0
19 7 6.354e-05 0.000464 0.0008887 0.007525 0.07025 0.0002662 0.0 0.0 0.0 1632.0 4646.0 28560.0 132700.0 321400.0 2654000.0 0.0 0.0 0.0
20 8 0.0001097 0.0004033 0.001778 0.01062 0.0868 0.0009608 0.0 0.0 0.0 2561.0 6235.0 31800.0 135700.0 355000.0 1230000.0 0.0 0.0 0.0
21 9 0.0002469 0.001117 0.002186 0.005852 0.04537 0.06999 0.0 0.0 0.0 659.6 6965.0 34890.0 90140.0 272200.0 459500.0 0.0 0.0 0.0
22 10 0.000379 0.001098 0.006066 0.03312 0.1103 0.0008871 0.0 0.0 0.0 812.3 8315.0 47360.0 213900.0 461400.0 4675000.0 0.0 0.0 0.0
23 11 0.00189 0.004228 0.002996 0.01893 0.1404 0.01579 0.0 0.0 0.0 1324.0 9205.0 47350.0 134500.0 426200.0 1116000.0 0.0 0.0 0.0
24 12 0.0005673 0.004535 0.01529 0.09037 0.1048 0.001036 0.0 0.0 0.0 3088.0 14720.0 72080.0 317900.0 647900.0 5645000.0 0.0 0.0 0.0
25 13 0.003619 0.01022 0.03306 0.1849 0.024 0.0 0.0 0.0 0.0 2073.0 17640.0 138000.0 495400.0 1526000.0 0.0 0.0 0.0 0.0
26 14 0.001753 0.01038 0.02573 0.1189 0.107 0.0308 0.0006324 0.0 0.0 4287.0 16790.0 99920.0 384100.0 675800.0 1476000.0 333400000.0 0.0 0.0
27 15 0.002468 0.01431 0.02679 0.07484 0.1983 0.02958 0.0 0.0 0.0 5617.0 23300.0 109000.0 325500.0 666900.0 2293000.0 0.0 0.0 0.0
28 16 0.001625 0.01378 0.0388 0.2383 0.08871 0.002939 0.0 0.0 0.0 8084.0 31570.0 134500.0 516200.0 1462000.0 11990000.0 0.0 0.0 0.0
29 17 0.007414 0.01432 0.04162 0.1341 0.2017 0.05222 0.0 0.0 0.0 2345.0 24620.0 125300.0 412800.0 795700.0 2533000.0 0.0 0.0 0.0
30 18 0.005003 0.02383 0.0628 0.3145 0.1119 0.00195 0.0 0.0 0.0 3380.0 30390.0 146600.0 611700.0 2111000.0 15000000.0 0.0 0.0 0.0
36 24 0.005665 0.05875 0.1981 0.6361 0.1738 0.2407 0.0 0.0 0.0 7438.0 61570.0 251200.0 924100.0 3143000.0 5212000.0 0.0 0.0 0.0
42 30 0.03657 0.1281 0.4436 0.9701 0.838 0.0 0.0 0.0 0.0 11370.0 88420.0 385800.0 1268000.0 6389000.0 0.0 0.0 0.0 0.0
54 42 0.08346 0.3686 1.072 1.826 2.059 0.03177 0.0 0.0 0.0 19250.0 142600.0 819700.0 2500000.0 11550000.0 55340000.0 0.0 0.0 0.0
15 2 5.128e-08 2.744e-08 2.647e-08 3.652e-08 2.286e-06 0.0009048 0.0005975 4.853e-05 0.0 16.84 105.3 427.3 7150.0 56000.0 139900.0 167600.0 31200000.0 0.0
16 3 3.04e-07 4.393e-07 1.609e-06 4.98e-06 3.457e-05 0.008617 0.0009284 0.0 0.0 50.16 326.6 3102.0 12100.0 49690.0 201000.0 257500.0 0.0 0.0
17 4 6.019e-07 3.244e-06 2.686e-05 0.0008945 0.02095 0.0 0.0 0.0 0.0 107.7 893.3 9908.0 84650.0 265700.0 0.0 0.0 0.0 0.0
18 5 1.59e-05 1.636e-05 7.566e-05 0.0003805 0.005247 0.03272 0.000106 0.0 0.0 287.9 1717.0 9917.0 57690.0 217800.0 319100.0 1250000.0 0.0 0.0
19 6 8.624e-05 8.801e-05 0.0001934 0.001878 0.04936 0.003667 0.0 0.0 0.0 187.6 2406.0 14820.0 92150.0 347300.0 480600.0 0.0 0.0 0.0
20 7 0.0004836 0.0003208 0.0009281 0.05307 0.02175 0.0 0.0 0.0 0.0 349.7 2664.0 34330.0 314900.0 635800.0 0.0 0.0 0.0 0.0
21 8 0.0001651 0.0002659 0.002517 0.07847 0.01681 0.0 0.0 0.0 0.0 380.8 4268.0 56870.0 374200.0 828500.0 0.0 0.0 0.0 0.0
22 9 0.0004657 0.001194 0.00272 0.03812 0.0826 0.0 0.0 0.0 0.0 805.6 6038.0 39640.0 251700.0 600600.0 0.0 0.0 0.0 0.0
23 10 0.001903 0.002573 0.005861 0.05971 0.08198 0.0 0.0 0.0 0.0 1360.0 7173.0 51680.0 308100.0 720900.0 0.0 0.0 0.0 0.0
24 11 0.002687 0.004814 0.006995 0.09119 0.08006 0.0 0.0 0.0 0.0 1403.0 8418.0 66830.0 374600.0 882700.0 0.0 0.0 0.0 0.0
25 12 0.00104 0.004548 0.01134 0.1253 0.08492 0.0 0.0 0.0 0.0 1521.0 11770.0 74060.0 426800.0 1058000.0 0.0 0.0 0.0 0.0
26 13 0.004469 0.008538 0.01741 0.163 0.0868 0.0 0.0 0.0 0.0 2462.0 12610.0 93300.0 488700.0 1312000.0 0.0 0.0 0.0 0.0
27 14 0.003163 0.01128 0.02548 0.1987 0.0973 0.0 0.0 0.0 0.0 3776.0 18960.0 106700.0 547600.0 1588000.0 0.0 0.0 0.0 0.0
28 15 0.003306 0.01699 0.03525 0.2401 0.1102 0.0 0.0 0.0 0.0 2329.0 19820.0 115600.0 607400.0 1911000.0 0.0 0.0 0.0 0.0
29 16 0.007276 0.0212 0.04385 0.2783 0.1308 0.001513 0.0 0.0 0.0 2466.0 22730.0 133800.0 664300.0 2220000.0 12170000.0 0.0 0.0 0.0
30 17 0.009796 0.02209 0.05492 0.32 0.1495 0.0 0.0 0.0 0.0 5083.0 24620.0 158800.0 738400.0 2615000.0 0.0 0.0 0.0 0.0
36 23 0.01539 0.09559 0.2059 0.5397 0.4327 0.0 0.0 0.0 0.0 9538.0 57990.0 314900.0 1207000.0 4786000.0 0.0 0.0 0.0 0.0
42 29 0.0231 0.1846 0.5547 1.015 0.8583 0.0 0.0 0.0 0.0 12310.0 90790.0 479400.0 1898000.0 7467000.0 0.0 0.0 0.0 0.0
54 41 0.06428 0.4777 1.512 2.295 1.828 0.0 0.0 0.0 0.0 33350.0 211100.0 969400.0 3817000.0 14170000.0 0.0 0.0 0.0 0.0
19 2 0.0006292 0.00235 0.01165 0.00247 0.0 0.0 0.0 0.0 0.0 245100.0 350400.0 409400.0 476600.0 0.0 0.0 0.0 0.0 0.0
20 3 0.0003843 0.00804 0.00867 0.0 0.0 0.0 0.0 0.0 0.0 228200.0 368200.0 447900.0 0.0 0.0 0.0 0.0 0.0 0.0
21 4 9.817e-05 0.0006241 0.02459 0.00699 0.0 0.0 0.0 0.0 0.0 116800.0 218800.0 477100.0 681400.0 0.0 0.0 0.0 0.0 0.0
22 5 1.006e-06 1.245e-06 4.318e-06 1.821e-05 7.904e-05 0.000604 0.08457 0.0 0.0 15.6 98.86 371.4 1409.0 5921.0 41100.0 513000.0 0.0 0.0
23 6 1.968e-06 1.996e-05 0.0003053 0.00202 0.01877 0.1031 0.01569 0.0 0.0 16550.0 44140.0 108800.0 229900.0 407600.0 641500.0 774300.0 0.0 0.0
24 7 3.022e-06 2.606e-05 0.0004024 0.00274 0.01102 0.05602 0.1199 0.0 0.0 5649.0 16640.0 55210.0 126300.0 246300.0 549900.0 776400.0 0.0 0.0
25 8 4.596e-05 0.0001499 0.00196 0.00506 0.00704 0.03421 0.1963 0.0 0.0 3284.0 11110.0 28180.0 70170.0 168100.0 434300.0 805600.0 0.0 0.0
26 9 0.0003786 0.0001494 0.0009447 0.0021 0.00352 0.02785 0.2734 0.0 0.0 2021.0 2187.0 7063.0 20740.0 49740.0 274300.0 834800.0 0.0 0.0
27 10 1.549e-05 0.0002685 0.0004341 0.00367 0.01555 0.05304 0.2857 0.0 0.0 1277.0 9012.0 28950.0 92020.0 178200.0 448500.0 903300.0 0.0 0.0
28 11 0.0001715 0.0005967 0.00266 0.00713 0.01782 0.08587 0.3393 0.0 0.0 1929.0 9502.0 26900.0 60060.0 143800.0 462700.0 1020000.0 0.0 0.0
29 12 0.0005843 0.00169 0.00644 0.01388 0.02954 0.1494 0.3518 0.0 0.0 4706.0 15410.0 29820.0 73130.0 216600.0 600000.0 1160000.0 0.0 0.0
30 13 9.081e-05 0.0001299 0.0001492 0.00305 0.03209 0.1049 0.4396 0.0 0.0 1182.0 5335.0 15020.0 42880.0 162600.0 431300.0 1034000.0 0.0 0.0
