18564.30 221354.47 226739.68 4 4
18554.51 221351.63 226739.68 2 4
18365.71 221296.24 226739.68 4 4
18352.46 221292.31 226739.68 6 4
18133.88 221226.65 226739.68 6 4
17630.43 221069.22 226739.68 6 4
17592.55 221057.01 226739.68 4 4
17584.78 221054.50 226739.68 6 4
6555.83 211490.30 226739.68 4 4
6554.23 211486.58 226739.68 2 4
6523.69 211415.16 226739.68 4 4
6521.69 211410.47 226739.68 6 4
6469.68 211287.23 226739.68 6 4
6374.40 211056.26 226739.68 6 4
6364.93 211032.93 226739.68 4 4
6363.77 211030.07 226739.68 6 4
18564.30 221354.47 226739.68 4 6
18416.02 221311.11 226739.68 8 6
18365.71 221296.24 226739.68 4 6
18352.46 221292.31 226739.68 6 6
18151.24 221231.92 226739.68 8 6
18133.88 221226.65 226739.68 6 6
17643.28 221073.35 226739.68 8 6
17630.43 221069.22 226739.68 6 6
17592.55 221057.01 226739.68 4 6
17584.78 221054.50 226739.68 6 6
6555.83 211490.30 226739.68 4 6
6523.69 211415.16 226739.68 4 6
6521.69 211410.47 226739.68 6 6
6518.10 211402.03 226739.68 8 6
6472.87 211294.85 226739.68 8 6
6469.68 211287.23 226739.68 6 6
6376.01 211060.24 226739.68 8 6
6374.40 211056.26 226739.68 6 6
6364.93 211032.93 226739.68 4 6
6363.77 211030.07 226739.68 6 6
18622.64 221364.00 226732.34 12 12
18622.57 221363.98 226732.34 10 12
18622.64 221364.00 226732.34 12 12
18622.57 221363.98 226732.34 10 12
18481.01 221322.86 226732.34 10 12
18622.64 221364.00 226732.34 12 10
18622.57 221363.98 226732.34 10 10
18481.01 221322.86 226732.34 10 10
17964.67 221167.38 226732.34 8 10
18622.64 221364.00 226732.34 12 10
18622.57 221363.98 226732.34 10 10
18481.01 221322.86 226732.34 10 10
18480.67 221322.76 226732.34 8 10
17964.67 221167.38 226732.34 8 10
18622.57 221363.98 226732.34 10 8
18549.42 221342.81 226732.34 6 8
18481.01 221322.86 226732.34 10 8
18480.67 221322.76 226732.34 8 8
17964.67 221167.38 226732.34 8 8
18679.36 221380.30 226732.34 6 8
18549.42 221342.81 226732.34 6 8
18481.01 221322.86 226732.34 10 8
18480.67 221322.76 226732.34 8 8
17964.67 221167.38 226732.34 8 8
18679.36 221380.30 226732.34 6 6
18679.36 221380.30 226732.34 4 6
18549.42 221342.81 226732.34 6 6
18480.67 221322.76 226732.34 8 6
17964.67 221167.38 226732.34 8 6
18622.64 221364.00 226732.34 12 14
18414.06 221301.10 226730.25 10 12
6516.98 211389.95 226730.25 10 12
18448.12 221311.11 226730.24 8 10
18414.10 221301.10 226730.24 10 10
18182.42 221231.92 226730.24 8 10
17672.74 221073.35 226730.24 8 10
6522.12 211402.03 226730.24 8 10
6516.98 211389.95 226730.24 10 10
6476.83 211294.85 226730.24 8 10
6379.86 211060.24 226730.24 8 10
18719.73 221380.30 226720.80 6 4
18719.73 221380.30 226720.80 4 4
18589.23 221342.81 226720.80 6 4
18261.09 221246.17 226720.80 2 4
17990.12 221163.71 226720.80 6 4
17918.86 221141.61 226720.80 6 4
17445.26 220990.15 226720.80 2 4
17374.18 220966.70 226720.80 4 4
16648.80 220716.00 226720.80 6 4
16533.16 220674.00 226720.80 4 4
16453.68 220644.79 226720.80 2 4
16058.73 220495.36 226720.80 4 4
15795.20 220391.49 226720.80 6 4
15714.84 220359.13 226720.80 4 4
6498.19 211336.16 226720.80 2 4
6401.44 211103.63 226720.80 6 4
6260.26 210751.43 226720.80 2 4
6242.21 210705.26 226720.80 4 4
6088.77 210301.68 226720.80 6 4
6075.59 210266.04 226720.80 4 4
6065.92 210239.83 226720.80 2 4
5952.49 209925.76 226720.80 4 4
5886.67 209737.97 226720.80 6 4
5864.46 209673.65 226720.80 4 4
2731.39 190120.24 226720.80 2 4
2674.03 189335.16 226720.80 6 4
2643.90 188909.17 226720.80 2 4
2640.28 188857.37 226720.80 4 4
2548.38 187491.90 226720.80 6 4
2546.41 187461.56 226720.80 4 4
2544.85 187437.56 226720.80 2 4
2522.62 187091.37 226720.80 4 4
2489.92 186570.98 226720.80 6 4
2486.24 186511.58 226720.80 4 4
18727.44 221380.30 226718.60 4 2
18268.43 221246.17 226718.60 2 2
17490.76 221002.86 226718.60 0 2
17451.96 220990.15 226718.60 2 2
17380.83 220966.70 226718.60 4 2
16539.17 220674.00 226718.60 4 2
16459.64 220644.79 226718.60 2 2
16064.41 220495.36 226718.60 4 2
15720.28 220359.13 226718.60 4 2
6499.12 211336.16 226718.60 2 2
6270.95 210776.45 226718.60 0 2
6261.12 210751.43 226718.60 2 2
6243.07 210705.26 226718.60 4 2
6076.40 210266.04 226718.60 4 2
6066.73 210239.83 226718.60 2 2
5953.27 209925.76 226718.60 4 2
5865.21 209673.65 226718.60 4 2
2731.55 190120.24 226718.60 2 2
2646.02 188937.24 226718.60 0 2
2644.06 188909.17 226718.60 2 2
2640.44 188857.37 226718.60 4 2
2546.55 187461.56 226718.60 4 2
2544.99 187437.56 226718.60 2 2
2522.76 187091.37 226718.60 4 2
2486.38 186511.58 226718.60 4 2
18639.39 221354.47 226717.99 4 6
18489.91 221311.11 226717.99 8 6
18439.20 221296.24 226717.99 4 6
18425.84 221292.31 226717.99 6 6
18223.01 221231.92 226717.99 8 6
18205.52 221226.65 226717.99 6 6
17711.09 221073.35 226717.99 8 6
17698.14 221069.22 226717.99 6 6
17659.97 221057.01 226717.99 4 6
17652.14 221054.50 226717.99 6 6
6565.17 211490.30 226717.99 4 6
6532.93 211415.16 226717.99 4 6
6530.93 211410.47 226717.99 6 6
6527.33 211402.03 226717.99 8 6
6481.97 211294.85 226717.99 8 6
6478.77 211287.23 226717.99 6 6
6384.85 211060.24 226717.99 8 6
6383.23 211056.26 226717.99 6 6
6373.73 211032.93 226717.99 4 6
6372.57 211030.07 226717.99 6 6
18529.45 221311.11 226706.45 8 10
18495.14 221301.10 226706.45 10 10
18261.42 221231.92 226706.45 8 10
17747.37 221073.35 226706.45 8 10
6532.26 211402.03 226706.45 8 10
6527.10 211389.95 226706.45 10 10
6486.83 211294.85 226706.45 8 10
6389.56 211060.24 226706.45 8 10
18529.65 221311.11 226706.39 8 8
18495.34 221301.10 226706.39 10 8
18465.31 221292.31 226706.39 6 8
18261.62 221231.92 226706.39 8 8
18244.05 221226.65 226706.39 6 8
17747.55 221073.35 226706.39 8 8
17734.55 221069.22 226706.39 6 8
17688.36 221054.50 226706.39 6 8
6535.88 211410.47 226706.39 6 8
6532.28 211402.03 226706.39 8 8
6527.13 211389.95 226706.39 10 8
6486.85 211294.85 226706.39 8 8
6483.65 211287.23 226706.39 6 8
6389.58 211060.24 226706.39 8 8
6387.96 211056.26 226706.39 6 8
6377.28 211030.07 226706.39 6 8
18806.35 221380.30 226696.20 6 8
18748.80 221363.98 226696.20 10 8
18675.32 221343.00 226696.20 8 8
18674.65 221342.81 226696.20 6 8
18605.32 221322.86 226696.20 10 8
18604.97 221322.76 226696.20 8 8
18082.73 221167.57 226696.20 10 8
18082.10 221167.38 226696.20 8 8
18070.11 221163.71 226696.20 6 8
18070.11 221163.71 226696.20 8 8
17998.21 221141.61 226696.20 6 8
16717.28 220716.00 226696.20 6 8
16190.39 220521.39 226696.20 8 8
15856.83 220391.49 226696.20 6 8
6411.54 211103.63 226696.20 6 8
6097.91 210301.68 226696.20 6 8
5925.24 209823.91 226696.20 8 8
5895.21 209737.97 226696.20 6 8
2675.79 189335.16 226696.20 6 8
2549.98 187491.90 226696.20 6 8
2496.52 186652.49 226696.20 8 8
2491.45 186570.98 226696.20 6 8
18774.57 221364.00 226688.90 12 10
18774.50 221363.98 226688.90 10 10
18700.82 221343.00 226688.90 8 10
18630.63 221322.86 226688.90 10 10
18630.28 221322.76 226688.90 8 10
18106.63 221167.57 226688.90 10 10
18106.01 221167.38 226688.90 8 10
18093.98 221163.71 226688.90 8 10
16209.56 220521.39 226688.90 8 10
5927.80 209823.91 226688.90 8 10
2496.97 186652.49 226688.90 8 10
18869.54 221380.30 226678.40 6 4
18869.54 221380.30 226678.40 4 4
18736.95 221342.81 226678.40 6 4
18403.62 221246.17 226678.40 2 4
18128.43 221163.71 226678.40 6 4
18056.08 221141.61 226678.40 6 4
17575.29 220990.15 226678.40 2 4
17503.15 220966.70 226678.40 4 4
16767.19 220716.00 226678.40 6 4
16649.90 220674.00 226678.40 4 4
16569.31 220644.79 226678.40 2 4
16168.86 220495.36 226678.40 4 4
15901.73 220391.49 226678.40 6 4
15820.28 220359.13 226678.40 4 4
6516.15 211336.16 226678.40 2 4
6418.87 211103.63 226678.40 6 4
6276.92 210751.43 226678.40 2 4
6258.78 210705.26 226678.40 4 4
6104.54 210301.68 226678.40 6 4
6091.28 210266.04 226678.40 4 4
6081.57 210239.83 226678.40 2 4
5967.56 209925.76 226678.40 4 4
5901.40 209737.97 226678.40 6 4
5879.08 209673.65 226678.40 4 4
2734.56 190120.24 226678.40 2 4
2677.07 189335.16 226678.40 6 4
2646.87 188909.17 226678.40 2 4
2643.24 188857.37 226678.40 4 4
2551.13 187491.90 226678.40 6 4
2549.16 187461.56 226678.40 4 4
2547.60 187437.56 226678.40 2 4
2525.32 187091.37 226678.40 4 4
2492.55 186570.98 226678.40 6 4
2488.87 186511.58 226678.40 4 4
18878.13 221380.30 226675.99 6 6
18878.13 221380.30 226675.99 4 6
18746.09 221343.00 226675.99 8 6
18745.42 221342.81 226675.99 6 6
18675.21 221322.76 226675.99 8 6
18148.44 221167.38 226675.99 8 6
18136.36 221163.71 226675.99 6 6
18136.36 221163.71 226675.99 8 6
18063.94 221141.61 226675.99 6 6
17510.54 220966.70 226675.99 4 6
16773.97 220716.00 226675.99 6 6
16656.59 220674.00 226675.99 4 6
16243.56 220521.39 226675.99 8 6
16175.16 220495.36 226675.99 4 6
15907.83 220391.49 226675.99 6 6
15826.32 220359.13 226675.99 4 6
6419.86 211103.63 226675.99 6 6
6259.72 210705.26 226675.99 4 6
6105.44 210301.68 226675.99 6 6
6092.18 210266.04 226675.99 4 6
5968.41 209925.76 226675.99 4 6
5932.34 209823.91 226675.99 8 6
5902.24 209737.97 226675.99 6 6
5879.91 209673.65 226675.99 4 6
2677.24 189335.16 226675.99 6 6
2643.41 188857.37 226675.99 4 6
2551.29 187491.90 226675.99 6 6
2549.32 187461.56 226675.99 4 6
2525.47 187091.37 226675.99 4 6
2497.78 186652.49 226675.99 8 6
2492.70 186570.98 226675.99 6 6
2489.02 186511.58 226675.99 4 6
18835.58 221354.47 226662.12 4 2
18825.51 221351.63 226662.12 2 2
18631.18 221296.24 226662.12 4 2
17835.99 221057.01 226662.12 4 2
15738.47 220310.00 226662.12 0 2
15713.73 220300.00 226662.12 2 2
15689.07 220290.00 226662.12 4 2
13181.75 219077.95 226662.12 0 2
11987.38 218322.30 226662.12 4 2
10862.38 217458.56 226662.12 2 2
10709.37 217327.06 226662.12 4 2
10671.70 217294.11 226662.12 2 2
10553.72 217189.39 226662.12 0 2
10349.44 217002.41 226662.12 4 2
10323.77 216978.39 226662.12 2 2
10059.30 216723.80 226662.12 2 2
6589.35 211490.30 226662.12 4 2
6587.73 211486.58 226662.12 2 2
6556.87 211415.16 226662.12 4 2
6396.52 211032.93 226662.12 4 2
5061.40 206910.24 226662.12 0 2
4690.89 205350.18 226662.12 4 2
4323.21 203537.66 226662.12 2 2
4271.73 203258.98 226662.12 4 2
4259.00 203189.03 226662.12 2 2
4254.19 203162.48 226662.12 0 2
4183.47 202765.26 226662.12 4 2
4174.54 202714.12 226662.12 2 2
4081.90 202170.63 226662.12 2 2
2065.94 178273.38 226662.12 0 2
1906.57 174212.03 226662.12 4 2
1785.85 170666.23 226662.12 4 2
1783.99 170607.89 226662.12 2 2
1782.86 170572.61 226662.12 0 2
1731.00 168892.21 226662.12 2 2
1664.46 166582.45 226662.12 4 2
1662.77 166521.69 226662.12 2 2
1611.57 164610.76 226662.12 2 2
18743.93 221311.11 226644.72 8 8
18708.81 221301.10 226644.72 10 8
18678.09 221292.31 226644.72 6 8
18469.70 221231.92 226644.72 8 8
18451.74 221226.65 226644.72 6 8
17944.02 221073.35 226644.72 8 8
17930.73 221069.22 226644.72 6 8
17883.52 221054.50 226644.72 6 8
6562.35 211410.47 226644.72 6 8
6558.71 211402.03 226644.72 8 8
6553.52 211389.95 226644.72 10 8
6512.92 211294.85 226644.72 8 8
6509.68 211287.23 226644.72 6 8
6414.87 211060.24 226644.72 8 8
6413.23 211056.26 226644.72 6 8
6402.47 211030.07 226644.72 6 8
18995.56 221380.30 226643.25 6 8
18936.84 221363.98 226643.25 10 8
18861.88 221343.00 226643.25 8 8
18861.21 221342.81 226643.25 6 8
18790.48 221322.86 226643.25 10 8
18790.13 221322.76 226643.25 8 8
18257.59 221167.57 226643.25 10 8
18256.95 221167.38 226643.25 8 8
18244.72 221163.71 226643.25 6 8
18244.72 221163.71 226643.25 8 8
18171.44 221141.61 226643.25 6 8
16866.62 220716.00 226643.25 6 8
16330.43 220521.39 226643.25 8 8
15991.13 220391.49 226643.25 6 8
6433.39 211103.63 226643.25 6 8
6117.67 210301.68 226643.25 6 8
5943.89 209823.91 226643.25 8 8
5913.67 209737.97 226643.25 6 8
2679.59 189335.16 226643.25 6 8
2553.42 187491.90 226643.25 6 8
2499.82 186652.49 226643.25 8 8
2494.74 186570.98 226643.25 6 8
19006.51 221380.30 226640.22 6 6
19006.51 221380.30 226640.22 4 6
18872.67 221343.00 226640.22 8 6
18872.00 221342.81 226640.22 6 6
18800.84 221322.76 226640.22 8 6
18267.06 221167.38 226640.22 8 6
18254.82 221163.71 226640.22 6 6
18254.82 221163.71 226640.22 8 6
18181.45 221141.61 226640.22 6 6
17620.94 220966.70 226640.22 4 6
16875.25 220716.00 226640.22 6 6
16756.45 220674.00 226640.22 4 6
16338.52 220521.39 226640.22 8 6
16269.32 220495.36 226640.22 4 6
15998.89 220391.49 226640.22 6 6
15916.45 220359.13 226640.22 4 6
6434.64 211103.63 226640.22 6 6
6273.77 210705.26 226640.22 4 6
6118.80 210301.68 226640.22 6 6
6105.49 210266.04 226640.22 4 6
5981.19 209925.76 226640.22 4 6
5944.96 209823.91 226640.22 8 6
5914.73 209737.97 226640.22 6 6
5892.31 209673.65 226640.22 4 6
2679.81 189335.16 226640.22 6 6
2645.92 188857.37 226640.22 4 6
2553.62 187491.90 226640.22 6 6
2551.64 187461.56 226640.22 4 6
2527.76 187091.37 226640.22 4 6
2500.01 186652.49 226640.22 8 6
2494.93 186570.98 226640.22 6 6
2491.23 186511.58 226640.22 4 6
18843.15 221311.11 226616.63 8 8
18807.67 221301.10 226616.63 10 8
18776.62 221292.31 226616.63 6 8
18566.04 221231.92 226616.63 8 8
18547.88 221226.65 226616.63 6 8
18034.94 221073.35 226616.63 8 8
18021.51 221069.22 226616.63 6 8
17973.82 221054.50 226616.63 6 8
6574.47 211410.47 226616.63 6 8
6570.82 211402.03 226616.63 8 8
6565.61 211389.95 226616.63 10 8
6524.85 211294.85 226616.63 8 8
6521.61 211287.23 226616.63 6 8
6426.45 211060.24 226616.63 8 8
6424.81 211056.26 226616.63 6 8
6414.01 211030.07 226616.63 6 8
19052.25 221354.47 226601.76 4 6
18896.11 221311.11 226601.76 8 6
18843.15 221296.24 226601.76 4 6
18829.20 221292.31 226601.76 6 6
18617.44 221231.92 226601.76 8 6
18599.19 221226.65 226601.76 6 6
18083.44 221073.35 226601.76 8 6
18069.94 221069.22 226601.76 6 6
18030.15 221057.01 226601.76 4 6
18021.99 221054.50 226601.76 6 6
15839.11 220290.00 226601.76 4 6
12074.77 218322.30 226601.76 4 6
10779.07 217327.06 226601.76 4 6
10566.00 217140.04 226601.76 6 6
10414.52 217002.41 226601.76 4 6
6615.67 211490.30 226601.76 4 6
6582.93 211415.16 226601.76 4 6
6580.90 211410.47 226601.76 6 6
6577.25 211402.03 226601.76 8 6
6531.19 211294.85 226601.76 8 6
6527.94 211287.23 226601.76 6 6
6432.60 211060.24 226601.76 8 6
6430.95 211056.26 226601.76 6 6
6421.31 211032.93 226601.76 4 6
6420.14 211030.07 226601.76 6 6
4704.22 205350.18 226601.76 4 6
4282.77 203258.98 226601.76 4 6
4211.04 202861.36 226601.76 6 6
4194.06 202765.26 226601.76 4 6
1908.77 174212.03 226601.76 4 6
1787.77 170666.23 226601.76 4 6
1668.80 166678.64 226601.76 6 6
1666.13 166582.45 226601.76 4 6
19170.43 221343.00 226557.94 8 8
18546.53 221167.57 226557.94 10 8
18533.26 221163.71 226557.94 6 8
18533.26 221163.71 226557.94 8 8
18546.53 221167.57 226557.94 10 12
19170.43 221343.00 226557.94 8 10
18546.53 221167.57 226557.94 10 10
19170.43 221343.00 226557.94 8 10
18546.53 221167.57 226557.94 10 10
18533.26 221163.71 226557.94 8 10
19107.96 221311.11 226543.10 8 10
19071.47 221301.10 226543.10 10 10
18823.06 221231.92 226543.10 8 10
18277.37 221073.35 226543.10 8 10
6602.73 211402.03 226543.10 8 10
6597.46 211389.95 226543.10 10 10
6556.32 211294.85 226543.10 8 10
6456.97 211060.24 226543.10 8 10
19275.93 221354.47 226540.87 4 6
19116.12 221311.11 226540.87 8 6
19061.92 221296.24 226540.87 4 6
19047.64 221292.31 226540.87 6 6
18830.97 221231.92 226540.87 8 6
18812.30 221226.65 226540.87 6 6
18284.83 221073.35 226540.87 8 6
18271.03 221069.22 226540.87 6 6
18230.35 221057.01 226540.87 4 6
18222.01 221054.50 226540.87 6 6
6642.43 211490.30 226540.87 4 6
6609.43 211415.16 226540.87 4 6
6607.39 211410.47 226540.87 6 6
6603.70 211402.03 226540.87 8 6
6557.28 211294.85 226540.87 8 6
6554.00 211287.23 226540.87 6 6
6457.90 211060.24 226540.87 8 6
6456.24 211056.26 226540.87 6 6
6446.53 211032.93 226540.87 4 6
6445.34 211030.07 226540.87 6 6
19116.12 221311.11 226540.87 8 8
19079.60 221301.10 226540.87 10 8
19047.64 221292.31 226540.87 6 8
18830.97 221231.92 226540.87 8 8
18812.30 221226.65 226540.87 6 8
18284.83 221073.35 226540.87 8 8
18271.03 221069.22 226540.87 6 8
18222.01 221054.50 226540.87 6 8
6607.39 211410.47 226540.87 6 8
6603.70 211402.03 226540.87 8 8
6598.44 211389.95 226540.87 10 8
6557.28 211294.85 226540.87 8 8
6554.00 211287.23 226540.87 6 8
6457.90 211060.24 226540.87 8 8
6456.24 211056.26 226540.87 6 8
6445.34 211030.07 226540.87 6 8
19336.44 221351.63 226521.80 2 0
16068.13 220300.00 226521.80 2 0
11030.56 217458.56 226521.80 2 0
10833.98 217294.11 226521.80 2 0
10475.56 216978.39 226521.80 2 0
10203.37 216723.80 226521.80 2 0
6649.21 211486.58 226521.80 2 0
4349.60 203537.66 226521.80 2 0
4284.61 203189.03 226521.80 2 0
4199.14 202714.12 226521.80 2 0
4105.42 202170.63 226521.80 2 0
1788.46 170607.89 226521.80 2 0
1735.22 168892.21 226521.80 2 0
1666.66 166521.69 226521.80 2 0
1615.22 164610.76 226521.80 2 0
19374.50 221354.47 226514.48 4 2
19363.85 221351.63 226514.48 2 2
19158.31 221296.24 226514.48 4 2
18318.49 221057.01 226514.48 4 2
16112.97 220310.00 226514.48 0 2
16087.05 220300.00 226514.48 2 2
16061.20 220290.00 226514.48 4 2
13443.45 219077.95 226514.48 0 2
12203.42 218322.30 226514.48 4 2
11039.47 217458.56 226514.48 2 2
10881.47 217327.06 226514.48 4 2
10842.58 217294.11 226514.48 2 2
10720.81 217189.39 226514.48 0 2
10510.08 217002.41 226514.48 4 2
10483.60 216978.39 226514.48 2 2
10210.99 216723.80 226514.48 2 2
6654.10 211490.30 226514.48 4 2
6652.45 211486.58 226514.48 2 2
6620.98 211415.16 226514.48 4 2
6457.52 211032.93 226514.48 4 2
5099.52 206910.24 226514.48 0 2
4723.62 205350.18 226514.48 4 2
4350.99 203537.66 226514.48 2 2
4298.85 203258.98 226514.48 4 2
4285.96 203189.03 226514.48 2 2
4281.08 203162.48 226514.48 0 2
4209.48 202765.26 226514.48 4 2
4200.43 202714.12 226514.48 2 2
4106.65 202170.63 226514.48 2 2
2072.26 178273.38 226514.48 0 2
1911.96 174212.03 226514.48 4 2
1790.57 170666.23 226514.48 4 2
1788.70 170607.89 226514.48 2 2
1787.57 170572.61 226514.48 0 2
1735.44 168892.21 226514.48 2 2
1668.56 166582.45 226514.48 4 2
1666.87 166521.69 226514.48 2 2
1615.41 164610.76 226514.48 2 2
19425.30 221354.47 226500.99 4 4
19414.59 221351.63 226500.99 2 4
19207.97 221296.24 226500.99 4 4
19193.48 221292.31 226500.99 6 4
18954.54 221226.65 226500.99 6 4
18405.18 221069.22 226500.99 6 4
18363.90 221057.01 226500.99 4 4
18355.43 221054.50 226500.99 6 4
16122.05 220300.00 226500.99 2 4
16096.09 220290.00 226500.99 4 4
12223.55 218322.30 226500.99 4 4
11055.94 217458.56 226500.99 2 4
10897.47 217327.06 226500.99 4 4
10858.47 217294.11 226500.99 2 4
10679.75 217140.04 226500.99 6 4
10525.01 217002.41 226500.99 4 4
10498.46 216978.39 226500.99 2 4
10225.09 216723.80 226500.99 2 4
6660.08 211490.30 226500.99 4 4
6658.43 211486.58 226500.99 2 4
6626.91 211415.16 226500.99 4 4
6624.85 211410.47 226500.99 6 4
6571.18 211287.23 226500.99 6 4
6472.91 211056.26 226500.99 6 4
6463.15 211032.93 226500.99 4 4
6461.95 211030.07 226500.99 6 4
4726.63 205350.18 226500.99 4 4
4353.55 203537.66 226500.99 2 4
4301.34 203258.98 226500.99 4 4
4288.44 203189.03 226500.99 2 4
4228.99 202861.36 226500.99 6 4
4211.87 202765.26 226500.99 4 4
4202.82 202714.12 226500.99 2 4
4108.93 202170.63 226500.99 2 4
1912.45 174212.03 226500.99 4 4
1791.00 170666.23 226500.99 4 4
1789.13 170607.89 226500.99 2 4
1735.85 168892.21 226500.99 2 4
1671.62 166678.64 226500.99 6 4
1668.93 166582.45 226500.99 4 4
1667.24 166521.69 226500.99 2 4
1615.76 164610.76 226500.99 2 4
19557.28 221380.30 226492.09 6 8
19495.04 221363.98 226492.09 10 8
19415.61 221343.00 226492.09 8 8
19414.89 221342.81 226492.09 6 8
19339.96 221322.86 226492.09 10 8
19339.59 221322.76 226492.09 8 8
18775.91 221167.57 226492.09 10 8
18775.24 221167.38 226492.09 8 8
18762.31 221163.71 226492.09 6 8
18762.31 221163.71 226492.09 8 8
18684.81 221141.61 226492.09 6 8
17308.02 220716.00 226492.09 6 8
16743.87 220521.39 226492.09 8 8
16387.36 220391.49 226492.09 6 8
6496.58 211103.63 226492.09 6 8
6174.79 210301.68 226492.09 6 8
5997.79 209823.91 226492.09 8 8
5967.03 209737.97 226492.09 6 8
2690.49 189335.16 226492.09 6 8
2563.32 187491.90 226492.09 6 8
2509.31 186652.49 226492.09 8 8
2504.19 186570.98 226492.09 6 8
19569.91 221380.30 226488.79 6 6
19569.91 221380.30 226488.79 4 6
19428.06 221343.00 226488.79 8 6
19427.34 221342.81 226488.79 6 6
19351.94 221322.76 226488.79 8 6
18786.88 221167.38 226488.79 8 6
18773.93 221163.71 226488.79 6 6
18773.93 221163.71 226488.79 8 6
18696.34 221141.61 226488.79 6 6
18104.16 220966.70 226488.79 4 6
17317.92 220716.00 226488.79 6 6
17192.83 220674.00 226488.79 4 6
16753.13 220521.39 226488.79 8 6
16680.38 220495.36 226488.79 4 6
16396.23 220391.49 226488.79 6 6
16309.65 220359.13 226488.79 4 6
6497.97 211103.63 226488.79 6 6
6333.97 210705.26 226488.79 4 6
6176.05 210301.68 226488.79 6 6
6162.48 210266.04 226488.79 4 6
6035.87 209925.76 226488.79 4 6
5998.98 209823.91 226488.79 8 6
5968.20 209737.97 226488.79 6 6
5945.37 209673.65 226488.79 4 6
2690.73 189335.16 226488.79 6 6
2656.56 188857.37 226488.79 4 6
2563.54 187491.90 226488.79 6 6
2561.55 187461.56 226488.79 4 6
2537.47 187091.37 226488.79 4 6
2509.52 186652.49 226488.79 8 6
2504.39 186570.98 226488.79 6 6
2500.67 186511.58 226488.79 4 6
19585.82 221380.30 226484.64 6 4
19585.82 221380.30 226484.64 4 4
19443.02 221342.81 226484.64 6 4
19084.33 221246.17 226484.64 2 4
18788.58 221163.71 226484.64 6 4
18710.86 221141.61 226484.64 6 4
18195.08 220990.15 226484.64 2 4
18117.77 220966.70 226484.64 4 4
17330.37 220716.00 226484.64 6 4
17205.11 220674.00 226484.64 4 4
17119.06 220644.79 226484.64 2 4
16691.94 220495.36 226484.64 4 4
16407.40 220391.49 226484.64 6 4
16320.70 220359.13 226484.64 4 4
6599.50 211336.16 226484.64 2 4
6499.73 211103.63 226484.64 6 4
6354.23 210751.43 226484.64 2 4
6335.63 210705.26 226484.64 4 4
6177.63 210301.68 226484.64 6 4
6164.05 210266.04 226484.64 4 4
6154.11 210239.83 226484.64 2 4
6037.38 209925.76 226484.64 4 4
5969.68 209737.97 226484.64 6 4
5946.84 209673.65 226484.64 4 4
2749.13 190120.24 226484.64 2 4
2691.03 189335.16 226484.64 6 4
2660.52 188909.17 226484.64 2 4
2656.86 188857.37 226484.64 4 4
2563.81 187491.90 226484.64 6 4
2561.82 187461.56 226484.64 4 4
2560.24 187437.56 226484.64 2 4
2537.74 187091.37 226484.64 4 4
2504.65 186570.98 226484.64 6 4
2500.93 186511.58 226484.64 4 4
19593.35 221380.30 226482.68 6 6
19593.35 221380.30 226482.68 4 6
19451.15 221343.00 226482.68 8 6
19450.43 221342.81 226482.68 6 6
19374.86 221322.76 226482.68 8 6
18808.48 221167.38 226482.68 8 6
18795.50 221163.71 226482.68 6 6
18795.50 221163.71 226482.68 8 6
18717.73 221141.61 226482.68 6 6
18124.21 220966.70 226482.68 4 6
17336.27 220716.00 226482.68 6 6
17210.91 220674.00 226482.68 4 6
16770.30 220521.39 226482.68 8 6
16697.40 220495.36 226482.68 4 6
16412.68 220391.49 226482.68 6 6
16325.93 220359.13 226482.68 4 6
6500.56 211103.63 226482.68 6 6
6336.42 210705.26 226482.68 4 6
6178.38 210301.68 226482.68 6 6
6164.80 210266.04 226482.68 4 6
6038.10 209925.76 226482.68 4 6
6001.18 209823.91 226482.68 8 6
5970.38 209737.97 226482.68 6 6
5947.54 209673.65 226482.68 4 6
2691.17 189335.16 226482.68 6 6
2656.99 188857.37 226482.68 4 6
2563.94 187491.90 226482.68 6 6
2561.95 187461.56 226482.68 4 6
2537.87 187091.37 226482.68 4 6
2509.90 186652.49 226482.68 8 6
2504.78 186570.98 226482.68 6 6
2501.05 186511.58 226482.68 4 6
19984.51 221354.47 226356.98 4 6
19812.78 221311.11 226356.98 8 6
19754.56 221296.24 226356.98 4 6
19739.23 221292.31 226356.98 6 6
19506.64 221231.92 226356.98 8 6
19486.60 221226.65 226356.98 6 6
18921.21 221073.35 226356.98 8 6
18906.43 221069.22 226356.98 6 6
18862.88 221057.01 226356.98 4 6
18853.95 221054.50 226356.98 6 6
16478.16 220290.00 226356.98 4 6
12442.64 218322.30 226356.98 4 6
11071.27 217327.06 226356.98 4 6
10846.61 217140.04 226356.98 6 6
10687.04 217002.41 226356.98 4 6
6724.59 211490.30 226356.98 4 6
6690.78 211415.16 226356.98 4 6
6688.68 211410.47 226356.98 6 6
6684.90 211402.03 226356.98 8 6
6637.33 211294.85 226356.98 8 6
6633.98 211287.23 226356.98 6 6
6535.53 211060.24 226356.98 8 6
6533.83 211056.26 226356.98 6 6
6523.89 211032.93 226356.98 4 6
6522.67 211030.07 226356.98 6 6
4759.03 205350.18 226356.98 4 6
4328.16 203258.98 226356.98 4 6
4254.91 202861.36 226356.98 6 6
4237.58 202765.26 226356.98 4 6
1917.73 174212.03 226356.98 4 6
1795.63 170666.23 226356.98 4 6
1675.65 166678.64 226356.98 6 6
1672.95 166582.45 226356.98 4 6
19848.99 221296.24 226332.90 4 4
19833.52 221292.31 226332.90 6 4
19578.48 221226.65 226332.90 6 4
18992.91 221069.22 226332.90 6 4
18948.96 221057.01 226332.90 4 4
18939.95 221054.50 226332.90 6 4
16571.24 220300.00 226332.90 2 4
16543.81 220290.00 226332.90 4 4
12480.04 218322.30 226332.90 4 4
11265.35 217458.56 226332.90 2 4
11100.86 217327.06 226332.90 4 4
11060.39 217294.11 226332.90 2 4
10875.02 217140.04 226332.90 6 4
10714.61 217002.41 226332.90 4 4
10687.10 216978.39 226332.90 2 4
10403.95 216723.80 226332.90 2 4
6735.50 211490.30 226332.90 4 4
6733.81 211486.58 226332.90 2 4
6701.58 211415.16 226332.90 4 4
6699.47 211410.47 226332.90 6 4
6644.59 211287.23 226332.90 6 4
6544.13 211056.26 226332.90 6 4
6534.15 211032.93 226332.90 4 4
6532.93 211030.07 226332.90 6 4
4764.49 205350.18 226332.90 4 4
4385.65 203537.66 226332.90 2 4
4332.68 203258.98 226332.90 4 4
4319.58 203189.03 226332.90 2 4
4259.28 202861.36 226332.90 6 4
4241.91 202765.26 226332.90 4 4
4232.73 202714.12 226332.90 2 4
4137.52 202170.63 226332.90 2 4
1918.62 174212.03 226332.90 4 4
1796.41 170666.23 226332.90 4 4
1794.53 170607.89 226332.90 2 4
1740.93 168892.21 226332.90 2 4
1676.33 166678.64 226332.90 6 4
1673.63 166582.45 226332.90 4 4
1671.93 166521.69 226332.90 2 4
1620.16 164610.76 226332.90 2 4
19940.24 221231.92 226245.54 8 8
19919.30 221226.65 226245.54 6 8
19328.91 221073.35 226245.54 8 8
19313.48 221069.22 226245.54 6 8
19258.72 221054.50 226245.54 6 8
10979.37 217140.04 226245.54 6 8
6738.93 211410.47 226245.54 6 8
6735.09 211402.03 226245.54 8 8
6729.62 211389.95 226245.54 10 8
6686.81 211294.85 226245.54 8 8
6683.40 211287.23 226245.54 6 8
6583.50 211060.24 226245.54 8 8
6581.77 211056.26 226245.54 6 8
6570.44 211030.07 226245.54 6 8
4275.19 202861.36 226245.54 6 8
1678.78 166678.64 226245.54 6 8
19281.94 221057.01 226241.80 4 2
16853.70 220310.00 226241.80 0 2
16825.33 220300.00 226241.80 2 2
16797.06 220290.00 226241.80 4 2
13955.16 219077.95 226241.80 0 2
12623.61 218322.30 226241.80 4 2
11382.21 217458.56 226241.80 2 2
11214.31 217327.06 226241.80 4 2
11173.02 217294.11 226241.80 2 2
11043.76 217189.39 226241.80 0 2
10820.27 217002.41 226241.80 4 2
10792.21 216978.39 226241.80 2 2
10503.54 216723.80 226241.80 2 2
6777.10 211490.30 226241.80 4 2
6775.39 211486.58 226241.80 2 2
6742.76 211415.16 226241.80 4 2
6573.30 211032.93 226241.80 4 2
5171.45 206910.24 226241.80 0 2
4785.27 205350.18 226241.80 4 2
4403.25 203537.66 226241.80 2 2
4349.85 203258.98 226241.80 4 2
4336.65 203189.03 226241.80 2 2
4331.67 203162.48 226241.80 0 2
4258.37 202765.26 226241.80 4 2
4249.12 202714.12 226241.80 2 2
4153.18 202170.63 226241.80 2 2
2084.04 178273.38 226241.80 0 2
1921.98 174212.03 226241.80 4 2
1799.35 170666.23 226241.80 4 2
1797.47 170607.89 226241.80 2 2
1796.33 170572.61 226241.80 0 2
1743.69 168892.21 226241.80 2 2
1676.18 166582.45 226241.80 4 2
1674.48 166521.69 226241.80 2 2
1622.56 164610.76 226241.80 2 2
19653.15 221069.22 226156.07 6 4
19606.09 221057.01 226156.07 4 4
19596.44 221054.50 226156.07 6 4
17071.62 220300.00 226156.07 2 4
17042.52 220290.00 226156.07 4 4
12761.74 218322.30 226156.07 4 4
11494.39 217458.56 226156.07 2 4
11323.19 217327.06 226156.07 4 4
11281.09 217294.11 226156.07 2 4
11088.31 217140.04 226156.07 6 4
10921.60 217002.41 226156.07 4 4
10893.01 216978.39 226156.07 2 4
10598.99 216723.80 226156.07 2 4
6816.72 211490.30 226156.07 4 4
6814.99 211486.58 226156.07 2 4
6781.97 211415.16 226156.07 4 4
6779.81 211410.47 226156.07 6 4
6723.62 211287.23 226156.07 6 4
6620.77 211056.26 226156.07 6 4
6610.56 211032.93 226156.07 4 4
6609.31 211030.07 226156.07 6 4
4804.99 205350.18 226156.07 4 4
4419.94 203537.66 226156.07 2 4
4366.14 203258.98 226156.07 4 4
4352.84 203189.03 226156.07 2 4
4291.61 202861.36 226156.07 6 4
4273.98 202765.26 226156.07 4 4
4264.66 202714.12 226156.07 2 4
4168.02 202170.63 226156.07 2 4
1925.15 174212.03 226156.07 4 4
1802.13 170666.23 226156.07 4 4
1800.24 170607.89 226156.07 2 4
1746.30 168892.21 226156.07 2 4
1681.31 166678.64 226156.07 6 4
1678.60 166582.45 226156.07 4 4
1676.88 166521.69 226156.07 2 4
1624.82 164610.76 226156.07 2 4
19902.01 221073.35 226096.60 8 6
19885.66 221069.22 226096.60 6 6
19837.48 221057.01 226096.60 4 6
19827.61 221054.50 226096.60 6 6
17217.09 220290.00 226096.60 4 6
12859.38 218322.30 226096.60 4 6
11399.99 217327.06 226096.60 4 6
11161.94 217140.04 226096.60 6 6
10993.03 217002.41 226096.60 4 6
6844.47 211490.30 226096.60 4 6
6809.44 211415.16 226096.60 4 6
6807.27 211410.47 226096.60 6 6
6803.36 211402.03 226096.60 8 6
6754.09 211294.85 226096.60 8 6
6750.62 211287.23 226096.60 6 6
6648.71 211060.24 226096.60 8 6
6646.95 211056.26 226096.60 6 6
6636.66 211032.93 226096.60 4 6
6635.40 211030.07 226096.60 6 6
4818.76 205350.18 226096.60 4 6
4377.51 203258.98 226096.60 4 6
4302.60 202861.36 226096.60 6 6
4284.88 202765.26 226096.60 4 6
1927.36 174212.03 226096.60 4 6
1804.07 170666.23 226096.60 4 6
1682.99 166678.64 226096.60 6 6
1680.27 166582.45 226096.60 4 6
19959.17 221069.22 226078.08 6 4
19910.64 221057.01 226078.08 4 4
19900.69 221054.50 226078.08 6 4
17302.06 220300.00 226078.08 2 4
17272.17 220290.00 226078.08 4 4
12890.08 218322.30 226078.08 4 4
11598.39 217458.56 226078.08 2 4
11424.11 217327.06 226078.08 4 4
11381.26 217294.11 226078.08 2 4
11185.07 217140.04 226078.08 6 4
11015.46 217002.41 226078.08 4 4
10986.38 216978.39 226078.08 2 4
10687.37 216723.80 226078.08 2 4
6853.16 211490.30 226078.08 4 4
6851.41 211486.58 226078.08 2 4
6818.04 211415.16 226078.08 4 4
6815.86 211410.47 226078.08 6 4
6759.07 211287.23 226078.08 6 4
6655.15 211056.26 226078.08 6 4
6644.83 211032.93 226078.08 4 4
6643.56 211030.07 226078.08 6 4
4823.07 205350.18 226078.08 4 4
4435.23 203537.66 226078.08 2 4
4381.06 203258.98 226078.08 4 4
4367.67 203189.03 226078.08 2 4
4306.03 202861.36 226078.08 6 4
4288.28 202765.26 226078.08 4 4
4278.89 202714.12 226078.08 2 4
4181.62 202170.63 226078.08 2 4
1928.04 174212.03 226078.08 4 4
1804.67 170666.23 226078.08 4 4
1802.77 170607.89 226078.08 2 4
1748.68 168892.21 226078.08 2 4
1683.52 166678.64 226078.08 6 4
1680.80 166582.45 226078.08 4 4
1679.08 166521.69 226078.08 2 4
1626.88 164610.76 226078.08 2 4
18578.07 220290.00 225671.22 4 6
13603.72 218322.30 225671.22 4 6
11981.15 217327.06 225671.22 4 6
11718.49 217140.04 225671.22 6 6
11532.45 217002.41 225671.22 4 6
7221.59 211827.67 225671.22 4 6
5012.04 205724.81 225671.22 6 6
4994.36 205654.22 225671.22 4 6
4919.63 205350.18 225671.22 4 6
4460.60 203258.98 225671.22 4 6
4382.84 202861.36 225671.22 6 6
4364.45 202765.26 225671.22 4 6
1943.29 174212.03 225671.22 4 6
1818.02 170666.23 225671.22 4 6
1695.13 166678.64 225671.22 6 6
1692.37 166582.45 225671.22 4 6
18765.51 220300.00 225627.47 2 4
18730.35 220290.00 225627.47 4 4
13685.19 218322.30 225627.47 4 4
12238.18 217458.56 225627.47 2 4
12044.30 217327.06 225627.47 4 4
11996.68 217294.11 225627.47 2 4
11778.90 217140.04 225627.47 6 4
11590.95 217002.41 225627.47 4 4
11558.76 216978.39 225627.47 2 4
11228.25 216723.80 225627.47 2 4
7244.49 211827.67 225627.47 4 4
7219.26 211779.45 225627.47 2 4
5023.05 205724.81 225627.47 6 4
5005.30 205654.22 225627.47 4 4
4991.24 205597.97 225627.47 2 4
4930.25 205350.18 225627.47 4 4
4525.70 203537.66 225627.47 2 4
4469.32 203258.98 225627.47 4 4
4455.39 203189.03 225627.47 2 4
4391.26 202861.36 225627.47 6 4
4372.80 202765.26 225627.47 4 4
4363.04 202714.12 225627.47 2 4
4261.95 202170.63 225627.47 2 4
1944.94 174212.03 225627.47 4 4
1819.46 170666.23 225627.47 4 4
1817.53 170607.89 225627.47 2 4
1762.57 168892.21 225627.47 2 4
1696.39 166678.64 225627.47 6 4
1693.62 166582.45 225627.47 4 4
1691.88 166521.69 225627.47 2 4
1638.90 164610.76 225627.47 2 4
18885.93 220310.00 225603.50 0 2
18850.32 220300.00 225603.50 2 2
18814.84 220290.00 225603.50 4 2
15320.18 219077.95 225603.50 0 2
13730.24 218322.30 225603.50 4 2
12274.20 217458.56 225603.50 2 2
12079.19 217327.06 225603.50 4 2
12031.28 217294.11 225603.50 2 2
11881.54 217189.39 225603.50 0 2
11623.25 217002.41 225603.50 4 2
11590.88 216978.39 225603.50 2 2
11258.56 216723.80 225603.50 2 2
7257.09 211827.67 225603.50 4 2
7231.78 211779.45 225603.50 2 2
7216.06 211749.35 225603.50 0 2
5348.03 206910.24 225603.50 0 2
5011.31 205654.22 225603.50 4 2
4997.22 205597.97 225603.50 2 2
4936.08 205350.18 225603.50 4 2
4530.62 203537.66 225603.50 2 2
4474.11 203258.98 225603.50 4 2
4460.15 203189.03 225603.50 2 2
4454.87 203162.48 225603.50 0 2
4377.39 202765.26 225603.50 4 2
4367.61 202714.12 225603.50 2 2
4266.31 202170.63 225603.50 2 2
2112.15 178273.38 225603.50 0 2
1945.85 174212.03 225603.50 4 2
1820.26 170666.23 225603.50 4 2
1818.33 170607.89 225603.50 2 2
1817.16 170572.61 225603.50 0 2
1763.32 168892.21 225603.50 2 2
1694.31 166582.45 225603.50 4 2
1692.57 166521.69 225603.50 2 2
1639.54 164610.76 225603.50 2 2
9432.28 214829.18 225428.16 2 0
8949.72 214257.69 225428.16 2 0
7094.27 211336.16 225428.16 2 0
6811.63 210751.43 225428.16 2 0
6582.18 210239.83 225428.16 2 0
3626.17 197858.69 225428.16 2 0
3466.88 196592.07 225428.16 2 0
2831.39 190120.24 225428.16 2 0
2737.49 188909.17 225428.16 2 0
2631.45 187437.56 225428.16 2 0
1704.67 166765.66 225428.16 2 0
1422.45 155126.73 225428.16 2 0
1311.64 149187.80 225428.16 2 0
1307.39 148940.17 225428.16 2 0
9823.08 214829.18 225006.50 2 4
9411.52 214384.13 225006.50 4 4
9300.81 214257.69 225006.50 2 4
7313.09 211336.16 225006.50 2 4
7190.78 211103.63 225006.50 6 4
7013.12 210751.43 225006.50 2 4
6990.47 210705.26 225006.50 4 4
6798.62 210301.68 225006.50 6 4
6782.18 210266.04 225006.50 4 4
6770.14 210239.83 225006.50 2 4
6629.15 209925.76 225006.50 4 4
6547.61 209737.97 225006.50 6 4
6520.14 209673.65 225006.50 4 4
3682.49 197858.69 225006.50 2 4
3533.19 196711.54 225006.50 4 4
3518.33 196592.07 225006.50 2 4
2865.62 190120.24 225006.50 2 4
2802.55 189335.16 225006.50 6 4
2769.47 188909.17 225006.50 2 4
2765.50 188857.37 225006.50 4 4
2664.84 187491.90 225006.50 6 4
2662.68 187461.56 225006.50 4 4
2660.98 187437.56 225006.50 2 4
2636.68 187091.37 225006.50 4 4
2600.98 186570.98 225006.50 6 4
2596.97 186511.58 225006.50 4 4
1717.01 166765.66 225006.50 2 4
1431.03 155126.73 225006.50 2 4
1318.94 149187.80 225006.50 2 4
1317.00 149076.52 225006.50 4 4
1314.64 148940.17 225006.50 2 4
1237.34 144187.94 225006.50 4 4
10306.07 214829.18 224529.54 2 2
9853.97 214384.13 224529.54 4 2
9732.67 214257.69 224529.54 2 2
9689.53 214211.96 224529.54 0 2
7577.47 211336.16 224529.54 2 2
7269.09 210776.45 224529.54 0 2
7255.89 210751.43 224529.54 2 2
7231.65 210705.26 224529.54 4 2
7008.97 210266.04 224529.54 4 2
6996.11 210239.83 224529.54 2 2
6845.65 209925.76 224529.54 4 2
6729.48 209673.65 224529.54 4 2
3748.35 197858.69 224529.54 2 2
3593.77 196711.54 224529.54 4 2
3578.40 196592.07 224529.54 2 2
3571.77 196540.23 224529.54 0 2
2905.34 190120.24 224529.54 2 2
2808.77 188937.24 224529.54 0 2
2806.56 188909.17 224529.54 2 2
2802.48 188857.37 224529.54 4 2
2696.95 187461.56 224529.54 4 2
2695.20 187437.56 224529.54 2 2
2670.28 187091.37 224529.54 4 2
2629.55 186511.58 224529.54 4 2
1731.19 166765.66 224529.54 2 2
1440.86 155126.73 224529.54 2 2
1327.29 149187.80 224529.54 2 2
1325.33 149076.52 224529.54 4 2
1322.94 148940.17 224529.54 2 2
1322.38 148908.59 224529.54 0 2
1244.69 144187.94 224529.54 4 2
10383.30 214829.18 224457.39 2 4
9924.55 214384.13 224457.39 4 4
9801.52 214257.69 224457.39 2 4
7619.14 211336.16 224457.39 2 4
7486.46 211103.63 224457.39 6 4
7294.08 210751.43 224457.39 2 4
7269.60 210705.26 224457.39 4 4
7062.34 210301.68 224457.39 6 4
7044.60 210266.04 224457.39 4 4
7031.62 210239.83 224457.39 2 4
6879.64 209925.76 224457.39 4 4
6791.87 209737.97 224457.39 6 4
6762.32 209673.65 224457.39 4 4
3758.51 197858.69 224457.39 2 4
3603.11 196711.54 224457.39 4 4
3587.67 196592.07 224457.39 2 4
2911.44 190120.24 224457.39 2 4
2846.36 189335.16 224457.39 6 4
2812.25 188909.17 224457.39 2 4
2808.16 188857.37 224457.39 4 4
2704.42 187491.90 224457.39 6 4
2702.21 187461.56 224457.39 4 4
2700.45 187437.56 224457.39 2 4
2675.43 187091.37 224457.39 4 4
2638.68 186570.98 224457.39 6 4
2634.55 186511.58 224457.39 4 4
1733.35 166765.66 224457.39 2 4
1442.36 155126.73 224457.39 2 4
1328.56 149187.80 224457.39 2 4
1326.60 149076.52 224457.39 4 4
1324.20 148940.17 224457.39 2 4
1245.80 144187.94 224457.39 4 4
10402.81 214829.18 224439.33 2 2
9942.38 214384.13 224439.33 4 2
9818.91 214257.69 224439.33 2 2
9775.00 214211.96 224439.33 0 2
7629.64 211336.16 224439.33 2 2
7317.08 210776.45 224439.33 0 2
7303.71 210751.43 224439.33 2 2
7279.16 210705.26 224439.33 4 2
7053.58 210266.04 224439.33 4 2
7040.56 210239.83 224439.33 2 2
6888.20 209925.76 224439.33 4 2
6770.59 209673.65 224439.33 4 2
3761.07 197858.69 224439.33 2 2
3605.46 196711.54 224439.33 4 2
3589.99 196592.07 224439.33 2 2
3583.32 196540.23 224439.33 0 2
2912.98 190120.24 224439.33 2 2
2815.91 188937.24 224439.33 0 2
2813.68 188909.17 224439.33 2 2
2809.59 188857.37 224439.33 4 2
2703.53 187461.56 224439.33 4 2
2701.77 187437.56 224439.33 2 2
2676.73 187091.37 224439.33 4 2
2635.81 186511.58 224439.33 4 2
1733.89 166765.66 224439.33 2 2
1442.74 155126.73 224439.33 2 2
1328.88 149187.80 224439.33 2 2
1326.91 149076.52 224439.33 4 2
1324.52 148940.17 224439.33 2 2
1323.96 148908.59 224439.33 0 2
1246.08 144187.94 224439.33 4 2
10026.49 214384.13 224354.98 4 6
7544.32 211103.63 224354.98 6 6
7324.14 210705.26 224354.98 4 6
7113.81 210301.68 224354.98 6 6
7095.81 210266.04 224354.98 4 6
6928.47 209925.76 224354.98 4 6
6879.91 209823.91 224354.98 8 6
6839.46 209737.97 224354.98 6 6
6809.49 209673.65 224354.98 4 6
3616.46 196711.54 224354.98 4 6
2854.69 189335.16 224354.98 6 6
2816.26 188857.37 224354.98 4 6
2711.94 187491.90 224354.98 6 6
2709.71 187461.56 224354.98 4 6
2682.79 187091.37 224354.98 4 6
2651.56 186652.49 224354.98 8 6
2645.84 186570.98 224354.98 6 6
2641.68 186511.58 224354.98 4 6
1328.40 149076.52 224354.98 4 6
1247.40 144187.94 224354.98 4 6
10552.37 214829.18 224303.13 2 0
9952.04 214257.69 224303.13 2 0
7709.78 211336.16 224303.13 2 0
7377.12 210751.43 224303.13 2 0
7108.75 210239.83 224303.13 2 0
3780.44 197858.69 224303.13 2 0
3607.64 196592.07 224303.13 2 0
2924.58 190120.24 224303.13 2 0
2824.51 188909.17 224303.13 2 0
2711.75 187437.56 224303.13 2 0
1738.00 166765.66 224303.13 2 0
1445.58 155126.73 224303.13 2 0
1331.29 149187.80 224303.13 2 0
1326.91 148940.17 224303.13 2 0
10667.71 214829.18 224200.70 2 4
10184.07 214384.13 224200.70 4 4
10054.56 214257.69 224200.70 2 4
7771.17 211336.16 224200.70 2 4
7633.20 211103.63 224200.70 6 4
7433.30 210751.43 224200.70 2 4
7407.87 210705.26 224200.70 4 4
7192.77 210301.68 224200.70 6 4
7174.37 210266.04 224200.70 4 4
7160.91 210239.83 224200.70 2 4
7003.35 209925.76 224200.70 4 4
6912.42 209737.97 224200.70 6 4
6881.81 209673.65 224200.70 4 4
3795.14 197858.69 224200.70 2 4
3636.76 196711.54 224200.70 4 4
3621.02 196592.07 224200.70 2 4
2933.37 190120.24 224200.70 2 4
2867.32 189335.16 224200.70 6 4
2832.71 188909.17 224200.70 2 4
2828.56 188857.37 224200.70 4 4
2723.34 187491.90 224200.70 6 4
2721.09 187461.56 224200.70 4 4
2719.31 187437.56 224200.70 2 4
2693.94 187091.37 224200.70 4 4
2656.68 186570.98 224200.70 6 4
2652.50 186511.58 224200.70 4 4
1741.10 166765.66 224200.70 2 4
1447.72 155126.73 224200.70 2 4
1333.10 149187.80 224200.70 2 4
1331.13 149076.52 224200.70 4 4
1328.72 148940.17 224200.70 2 4
1249.80 144187.94 224200.70 4 4
10682.69 214829.18 224187.55 2 2
10197.72 214384.13 224187.55 4 2
10067.87 214257.69 224187.55 2 2
10021.72 214211.96 224187.55 0 2
7779.12 211336.16 224187.55 2 2
7454.45 210776.45 224187.55 0 2
7440.57 210751.43 224187.55 2 2
7415.09 210705.26 224187.55 4 2
7181.15 210266.04 224187.55 4 2
7167.65 210239.83 224187.55 2 2
7009.81 209925.76 224187.55 4 2
6888.04 209673.65 224187.55 4 2
3797.03 197858.69 224187.55 2 2
3638.50 196711.54 224187.55 4 2
3622.75 196592.07 224187.55 2 2
3615.96 196540.23 224187.55 0 2
2934.51 190120.24 224187.55 2 2
2836.02 188937.24 224187.55 0 2
2833.76 188909.17 224187.55 2 2
2829.61 188857.37 224187.55 4 2
2722.06 187461.56 224187.55 4 2
2720.28 187437.56 224187.55 2 2
2694.90 187091.37 224187.55 4 2
2653.42 186511.58 224187.55 4 2
1741.50 166765.66 224187.55 2 2
1448.00 155126.73 224187.55 2 2
1333.34 149187.80 224187.55 2 2
1331.36 149076.52 224187.55 4 2
1328.95 148940.17 224187.55 2 2
1328.39 148908.59 224187.55 0 2
1250.01 144187.94 224187.55 4 2
10843.81 214829.18 224048.50 2 2
10344.45 214384.13 224048.50 4 2
10210.86 214257.69 224048.50 2 2
10163.39 214211.96 224048.50 0 2
7864.21 211336.16 224048.50 2 2
7532.55 210776.45 224048.50 0 2
7518.38 210751.43 224048.50 2 2
7492.37 210705.26 224048.50 4 2
7253.60 210266.04 224048.50 4 2
7239.83 210239.83 224048.50 2 2
7078.83 209925.76 224048.50 4 2
6954.67 209673.65 224048.50 4 2
3817.20 197858.69 224048.50 2 2
3657.01 196711.54 224048.50 4 2
3641.10 196592.07 224048.50 2 2
3634.23 196540.23 224048.50 0 2
2946.53 190120.24 224048.50 2 2
2847.25 188937.24 224048.50 0 2
2844.98 188909.17 224048.50 2 2
2840.79 188857.37 224048.50 4 2
2732.41 187461.56 224048.50 4 2
2730.62 187437.56 224048.50 2 2
2705.04 187091.37 224048.50 4 2
2663.25 186511.58 224048.50 4 2
1745.72 166765.66 224048.50 2 2
1450.92 155126.73 224048.50 2 2
1335.81 149187.80 224048.50 2 2
1333.83 149076.52 224048.50 4 2
1331.41 148940.17 224048.50 2 2
1330.85 148908.59 224048.50 0 2
1252.18 144187.94 224048.50 4 2
15043.72 217140.04 223785.51 6 8
5535.35 205724.81 223785.51 6 8
4777.83 202861.36 223785.51 6 8
1751.10 166678.64 223785.51 6 8
18481.66 218322.30 223731.59 4 6
15609.69 217327.06 223731.59 4 6
15166.78 217140.04 223731.59 6 6
14856.59 217002.41 223731.59 4 6
8398.29 211827.67 223731.59 4 6
5551.92 205724.81 223731.59 6 6
5530.24 205654.22 223731.59 4 6
5438.77 205350.18 223731.59 4 6
4883.21 203258.98 223731.59 4 6
4790.17 202861.36 223731.59 6 6
4768.22 202765.26 223731.59 4 6
2018.75 174212.03 223731.59 4 6
1884.47 170666.23 223731.59 4 6
1752.76 166678.64 223731.59 6 6
1749.81 166582.45 223731.59 4 6
18630.24 218322.30 223688.45 4 4
16047.25 217458.56 223688.45 2 4
15715.54 217327.06 223688.45 4 4
15634.56 217294.11 223688.45 2 4
15266.70 217140.04 223688.45 6 4
14952.45 217002.41 223688.45 4 4
14898.92 216978.39 223688.45 2 4
14354.30 216723.80 223688.45 2 4
8428.83 211827.67 223688.45 4 4
8394.70 211779.45 223688.45 2 4
5565.25 205724.81 223688.45 6 4
5543.47 205654.22 223688.45 4 4
5526.23 205597.97 223688.45 2 4
5451.56 205350.18 223688.45 4 4
4961.20 203537.66 223688.45 2 4
4893.52 203258.98 223688.45 4 4
4876.82 203189.03 223688.45 2 4
4800.10 202861.36 223688.45 6 4
4778.05 202765.26 223688.45 4 4
4766.40 202714.12 223688.45 2 4
4646.01 202170.63 223688.45 2 4
2020.51 174212.03 223688.45 4 4
1886.00 170666.23 223688.45 4 4
1883.93 170607.89 223688.45 2 4
1824.94 168892.21 223688.45 2 4
1754.08 166678.64 223688.45 6 4
1751.13 166582.45 223688.45 4 4
1749.27 166521.69 223688.45 2 4
1692.69 164610.76 223688.45 2 4
18734.63 218322.30 223658.55 4 2
16124.64 217458.56 223658.55 2 2
15789.76 217327.06 223658.55 4 2
15708.01 217294.11 223658.55 2 2
15453.72 217189.39 223658.55 0 2
15019.62 217002.41 223658.55 4 2
14965.61 216978.39 223658.55 2 2
14416.19 216723.80 223658.55 2 2
8450.13 211827.67 223658.55 4 2
8415.83 211779.45 223658.55 2 2
8394.56 211749.35 223658.55 0 2
5969.10 206910.24 223658.55 0 2
5552.68 205654.22 223658.55 4 2
5535.38 205597.97 223658.55 2 2
5460.46 205350.18 223658.55 4 2
4968.57 203537.66 223658.55 2 2
4900.70 203258.98 223658.55 4 2
4883.95 203189.03 223658.55 2 2
4877.62 203162.48 223658.55 0 2
4784.89 202765.26 223658.55 4 2
4773.20 202714.12 223658.55 2 2
4652.47 202170.63 223658.55 2 2
2202.68 178273.38 223658.55 0 2
2021.74 174212.03 223658.55 4 2
1887.07 170666.23 223658.55 4 2
1884.99 170607.89 223658.55 2 2
1883.74 170572.61 223658.55 0 2
1825.94 168892.21 223658.55 2 2
1752.05 166582.45 223658.55 4 2
1750.18 166521.69 223658.55 2 2
1693.54 164610.76 223658.55 2 2
16164.40 217458.56 223643.30 2 0
15745.74 217294.11 223643.30 2 0
14999.85 216978.39 223643.30 2 0
14447.96 216723.80 223643.30 2 0
8426.65 211779.45 223643.30 2 0
5540.06 205597.97 223643.30 2 0
4972.34 203537.66 223643.30 2 0
4887.59 203189.03 223643.30 2 0
4776.68 202714.12 223643.30 2 0
4655.78 202170.63 223643.30 2 0
1885.53 170607.89 223643.30 2 0
1826.45 168892.21 223643.30 2 0
1750.65 166521.69 223643.30 2 0
1693.98 164610.76 223643.30 2 0
17715.41 217458.56 223101.82 2 2
17312.02 217327.06 223101.82 4 2
17213.79 217294.11 223101.82 2 2
16908.89 217189.39 223101.82 0 2
16390.56 217002.41 223101.82 4 2
16326.26 216978.39 223101.82 2 2
15674.57 216723.80 223101.82 2 2
8867.41 211827.67 223101.82 4 2
8829.65 211779.45 223101.82 2 2
8806.24 211749.35 223101.82 0 2
6174.34 206910.24 223101.82 0 2
5729.86 205654.22 223101.82 4 2
5711.44 205597.97 223101.82 2 2
5631.72 205350.18 223101.82 4 2
5109.96 203537.66 223101.82 2 2
5038.20 203258.98 223101.82 4 2
5020.50 203189.03 223101.82 2 2
5013.81 203162.48 223101.82 0 2
4915.88 202765.26 223101.82 4 2
4903.55 202714.12 223101.82 2 2
4776.22 202170.63 223101.82 2 2
2230.03 178273.38 223101.82 0 2
2044.76 174212.03 223101.82 4 2
1907.10 170666.23 223101.82 4 2
1904.98 170607.89 223101.82 2 2
1903.70 170572.61 223101.82 0 2
1844.69 168892.21 223101.82 2 2
1769.30 166582.45 223101.82 4 2
1767.40 166521.69 223101.82 2 2
1709.66 164610.76 223101.82 2 2
17818.97 217458.56 223069.02 2 2
17410.90 217327.06 223069.02 4 2
17311.56 217294.11 223069.02 2 2
17003.21 217189.39 223069.02 0 2
16479.17 217002.41 223069.02 4 2
16414.18 216978.39 223069.02 2 2
15755.59 216723.80 223069.02 2 2
8893.29 211827.67 223069.02 4 2
8855.30 211779.45 223069.02 2 2
8831.75 211749.35 223069.02 0 2
6186.87 206910.24 223069.02 0 2
5740.65 205654.22 223069.02 4 2
5722.17 205597.97 223069.02 2 2
5642.14 205350.18 223069.02 4 2
5118.54 203537.66 223069.02 2 2
5046.54 203258.98 223069.02 4 2
5028.78 203189.03 223069.02 2 2
5022.07 203162.48 223069.02 0 2
4923.82 202765.26 223069.02 4 2
4911.45 202714.12 223069.02 2 2
4783.72 202170.63 223069.02 2 2
2231.67 178273.38 223069.02 0 2
2046.13 174212.03 223069.02 4 2
1908.30 170666.23 223069.02 4 2
1906.17 170607.89 223069.02 2 2
1904.89 170572.61 223069.02 0 2
1845.81 168892.21 223069.02 2 2
1770.33 166582.45 223069.02 4 2
1768.43 166521.69 223069.02 2 2
1710.62 164610.76 223069.02 2 2
18445.72 217458.56 222878.39 2 4
18008.79 217327.06 222878.39 4 4
17902.52 217294.11 222878.39 2 4
17421.85 217140.04 222878.39 6 4
17013.80 217002.41 222878.39 4 4
16944.53 216978.39 222878.39 2 4
16243.60 216723.80 222878.39 2 4
9046.70 211827.67 222878.39 4 4
9007.40 211779.45 222878.39 2 4
5828.07 205724.81 222878.39 6 4
5804.19 205654.22 222878.39 4 4
5785.29 205597.97 222878.39 2 4
5703.51 205350.18 222878.39 4 4
5169.00 203537.66 222878.39 2 4
5095.57 203258.98 222878.39 4 4
5077.47 203189.03 222878.39 2 4
4994.35 202861.36 222878.39 6 4
4970.49 202765.26 222878.39 4 4
4957.88 202714.12 222878.39 2 4
4827.76 202170.63 222878.39 2 4
2054.15 174212.03 222878.39 4 4
1915.26 170666.23 222878.39 4 4
1913.13 170607.89 222878.39 2 4
1852.33 168892.21 222878.39 2 4
1779.37 166678.64 222878.39 6 4
1776.33 166582.45 222878.39 4 4
1774.41 166521.69 222878.39 2 4
1716.22 164610.76 222878.39 2 4
18914.15 217458.56 222744.16 2 2
18455.03 217327.06 222744.16 4 2
18343.45 217294.11 222744.16 2 2
17997.61 217189.39 222744.16 0 2
17411.54 217002.41 222744.16 4 2
17339.00 216978.39 222744.16 2 2
16605.77 216723.80 222744.16 2 2
9157.94 211827.67 222744.16 4 2
9117.67 211779.45 222744.16 2 2
9092.71 211749.35 222744.16 0 2
6313.81 206910.24 222744.16 0 2
5849.77 205654.22 222744.16 4 2
5830.58 205597.97 222744.16 2 2
5747.52 205350.18 222744.16 4 2
5205.12 203537.66 222744.16 2 2
5130.68 203258.98 222744.16 4 2
5112.32 203189.03 222744.16 2 2
5105.39 203162.48 222744.16 0 2
5003.88 202765.26 222744.16 4 2
4991.11 202714.12 222744.16 2 2
4859.26 202170.63 222744.16 2 2
2247.97 178273.38 222744.16 0 2
2059.83 174212.03 222744.16 4 2
1920.20 170666.23 222744.16 4 2
1918.05 170607.89 222744.16 2 2
1916.75 170572.61 222744.16 0 2
1856.94 168892.21 222744.16 2 2
1780.57 166582.45 222744.16 4 2
1778.65 166521.69 222744.16 2 2
1720.18 164610.76 222744.16 2 2
19075.15 217458.56 222699.55 2 0
18494.84 217294.11 222699.55 2 0
17474.21 216978.39 222699.55 2 0
16729.74 216723.80 222699.55 2 0
9154.92 211779.45 222699.55 2 0
5845.79 205597.97 222699.55 2 0
5217.24 203537.66 222699.55 2 0
5124.01 203189.03 222699.55 2 0
5002.25 202714.12 222699.55 2 0
4869.82 202170.63 222699.55 2 0
1919.69 170607.89 222699.55 2 0
1858.48 168892.21 222699.55 2 0
1780.06 166521.69 222699.55 2 0
1721.50 164610.76 222699.55 2 0
10108.45 211490.30 221380.30 4 6
10032.23 211415.16 221380.30 4 6
10027.51 211410.47 221380.30 6 6
10019.03 211402.03 221380.30 8 6
9912.56 211294.85 221380.30 8 6
9905.07 211287.23 221380.30 6 6
9687.21 211060.24 221380.30 8 6
9683.47 211056.26 221380.30 6 6
9661.64 211032.93 221380.30 4 6
9658.97 211030.07 221380.30 6 6
10108.45 211490.30 221380.30 4 4
10104.65 211486.58 221380.30 2 4
10032.23 211415.16 221380.30 4 4
10027.51 211410.47 221380.30 6 4
9905.07 211287.23 221380.30 6 4
9683.47 211056.26 221380.30 6 4
9661.64 211032.93 221380.30 4 4
9658.97 211030.07 221380.30 6 4
10023.27 211389.95 221364.00 10 12
10035.44 211402.03 221363.98 8 10
10023.29 211389.95 221363.98 10 10
9928.62 211294.85 221363.98 8 10
9702.55 211060.24 221363.98 8 10
9978.99 211336.16 221354.47 2 4
9752.62 211103.63 221354.47 6 4
9428.67 210751.43 221354.47 2 4
9387.79 210705.26 221354.47 4 4
9045.01 210301.68 221354.47 6 4
9015.93 210266.04 221354.47 4 4
8994.67 210239.83 221354.47 2 4
8747.49 209925.76 221354.47 4 4
8606.08 209737.97 221354.47 6 4
8558.69 209673.65 221354.47 4 4
3200.69 190120.24 221354.47 2 4
3122.21 189335.16 221354.47 6 4
3081.22 188909.17 221354.47 2 4
3076.30 188857.37 221354.47 4 4
2952.25 187491.90 221354.47 6 4
2949.61 187461.56 221354.47 4 4
2947.52 187437.56 221354.47 2 4
2917.74 187091.37 221354.47 4 4
2874.08 186570.98 221354.47 6 4
2869.18 186511.58 221354.47 4 4
9981.82 211336.16 221351.63 2 2
9453.51 210776.45 221351.63 0 2
9431.20 210751.43 221351.63 2 2
9390.30 210705.26 221351.63 4 2
9018.24 210266.04 221351.63 4 2
8996.97 210239.83 221351.63 2 2
8749.67 209925.76 221351.63 4 2
8560.77 209673.65 221351.63 4 2
3200.98 190120.24 221351.63 2 2
3084.15 188937.24 221351.63 0 2
3081.49 188909.17 221351.63 2 2
3076.57 188857.37 221351.63 4 2
2949.85 187461.56 221351.63 4 2
2947.77 187437.56 221351.63 2 2
2917.98 187091.37 221351.63 4 2
2869.42 186511.58 221351.63 4 2
10065.17 211410.47 221343.00 6 8
10056.62 211402.03 221343.00 8 8
10044.42 211389.95 221343.00 10 8
9949.35 211294.85 221343.00 8 8
9941.81 211287.23 221343.00 6 8
9722.35 211060.24 221343.00 8 8
9718.59 211056.26 221343.00 6 8
9693.91 211030.07 221343.00 6 8
10146.92 211490.30 221342.81 4 6
10070.12 211415.16 221342.81 4 6
10065.36 211410.47 221342.81 6 6
10056.82 211402.03 221342.81 8 6
9949.54 211294.85 221342.81 8 6
9942.00 211287.23 221342.81 6 6
9722.53 211060.24 221342.81 8 6
9718.77 211056.26 221342.81 6 6
9696.77 211032.93 221342.81 4 6
9694.09 211030.07 221342.81 6 6
10077.04 211402.03 221322.86 8 10
10064.78 211389.95 221322.86 10 10
9969.33 211294.85 221322.86 8 10
9741.43 211060.24 221322.86 8 10
10085.72 211410.47 221322.76 6 8
10077.14 211402.03 221322.76 8 8
10064.89 211389.95 221322.76 10 8
9969.43 211294.85 221322.76 8 8
9961.86 211287.23 221322.76 6 8
9741.52 211060.24 221322.76 8 8
9737.75 211056.26 221322.76 6 8
9712.97 211030.07 221322.76 6 8
9794.05 211103.63 221311.11 6 8
9080.63 210301.68 221311.11 6 8
8702.95 209823.91 221311.11 8 8
8638.32 209737.97 221311.11 6 8
3126.44 189335.16 221311.11 6 8
2956.04 187491.90 221311.11 6 8
2884.44 186652.49 221311.11 8 8
2877.67 186570.98 221311.11 6 8
8710.54 209823.91 221301.10 8 10
2885.27 186652.49 221301.10 8 10
10037.33 211336.16 221296.24 2 4
9808.34 211103.63 221296.24 6 4
9480.74 210751.43 221296.24 2 4
9439.41 210705.26 221296.24 4 4
9092.91 210301.68 221296.24 6 4
9063.53 210266.04 221296.24 4 4
9042.04 210239.83 221296.24 2 4
8792.29 209925.76 221296.24 4 4
8649.44 209737.97 221296.24 6 4
8601.57 209673.65 221296.24 4 4
3206.67 190120.24 221296.24 2 4
3127.90 189335.16 221296.24 6 4
3086.76 188909.17 221296.24 2 4
3081.83 188857.37 221296.24 4 4
2957.34 187491.90 221296.24 6 4
2954.68 187461.56 221296.24 4 4
2952.59 187437.56 221296.24 2 4
2922.70 187091.37 221296.24 4 4
2878.90 186570.98 221296.24 6 4
2873.99 186511.58 221296.24 4 4
9812.12 211103.63 221292.31 6 6
9442.91 210705.26 221292.31 4 6
9096.16 210301.68 221292.31 6 6
9066.76 210266.04 221292.31 4 6
8795.33 209925.76 221292.31 4 6
8717.22 209823.91 221292.31 8 6
8652.38 209737.97 221292.31 6 6
8604.48 209673.65 221292.31 4 6
3128.28 189335.16 221292.31 6 6
3082.20 188857.37 221292.31 4 6
2957.68 187491.90 221292.31 6 6
2955.03 187461.56 221292.31 4 6
2923.04 187091.37 221292.31 4 6
2886.00 186652.49 221292.31 8 6
2879.23 186570.98 221292.31 6 6
2874.31 186511.58 221292.31 4 6
10247.43 211490.30 221246.17 4 2
10243.52 211486.58 221246.17 2 2
10169.11 211415.16 221246.17 4 2
9788.53 211032.93 221246.17 4 2
6973.56 206910.24 221246.17 0 2
6289.16 205350.18 221246.17 4 2
5645.44 203537.66 221246.17 2 2
5557.97 203258.98 221246.17 4 2
5536.44 203189.03 221246.17 2 2
5528.31 203162.48 221246.17 0 2
5409.48 202765.26 221246.17 4 2
5394.56 202714.12 221246.17 2 2
5240.86 202170.63 221246.17 2 2
2326.34 178273.38 221246.17 0 2
2125.44 174212.03 221246.17 4 2
1977.07 170666.23 221246.17 4 2
1974.79 170607.89 221246.17 2 2
1973.42 170572.61 221246.17 0 2
1910.08 168892.21 221246.17 2 2
1829.37 166582.45 221246.17 4 2
1827.34 166521.69 221246.17 2 2
1765.68 164610.76 221246.17 2 2
9870.63 211103.63 221231.92 6 8
9146.42 210301.68 221231.92 6 8
8763.36 209823.91 221231.92 8 8
8697.84 209737.97 221231.92 6 8
3134.21 189335.16 221231.92 6 8
2962.97 187491.90 221231.92 6 8
2891.04 186652.49 221231.92 8 8
2884.25 186570.98 221231.92 6 8
9875.77 211103.63 221226.65 6 6
9501.84 210705.26 221226.65 4 6
9150.83 210301.68 221226.65 6 6
9121.08 210266.04 221226.65 4 6
8846.43 209925.76 221226.65 4 6
8767.41 209823.91 221226.65 8 6
8701.83 209737.97 221226.65 6 6
8653.38 209673.65 221226.65 4 6
3134.72 189335.16 221226.65 6 6
3088.45 188857.37 221226.65 4 6
2963.44 187491.90 221226.65 6 6
2960.77 187461.56 221226.65 4 6
2928.66 187091.37 221226.65 4 6
2891.49 186652.49 221226.65 8 6
2884.68 186570.98 221226.65 6 6
2879.75 186511.58 221226.65 4 6
10237.28 211402.03 221167.57 8 10
10224.64 211389.95 221167.57 10 10
10126.15 211294.85 221167.57 8 10
9891.10 211060.24 221167.57 8 10
10246.34 211410.47 221167.38 6 8
10237.48 211402.03 221167.38 8 8
10224.83 211389.95 221167.38 10 8
10126.34 211294.85 221167.38 8 8
10118.53 211287.23 221167.38 6 8
9891.28 211060.24 221167.38 8 8
9887.39 211056.26 221167.38 6 8
9861.85 211030.07 221167.38 6 8
10334.78 211490.30 221163.71 4 6
10255.13 211415.16 221163.71 4 6
10250.19 211410.47 221163.71 6 6
10241.33 211402.03 221163.71 8 6
10130.11 211294.85 221163.71 8 6
10122.29 211287.23 221163.71 6 6
9894.88 211060.24 221163.71 8 6
9890.98 211056.26 221163.71 6 6
9868.20 211032.93 221163.71 4 6
9865.42 211030.07 221163.71 6 6
10250.19 211410.47 221163.71 6 8
10241.33 211402.03 221163.71 8 8
10228.67 211389.95 221163.71 10 8
10130.11 211294.85 221163.71 8 8
10122.29 211287.23 221163.71 6 8
9894.88 211060.24 221163.71 8 8
9890.98 211056.26 221163.71 6 8
9865.42 211030.07 221163.71 6 8
10358.45 211490.30 221141.61 4 6
10278.43 211415.16 221141.61 4 6
10273.47 211410.47 221141.61 6 6
10264.57 211402.03 221141.61 8 6
10152.84 211294.85 221141.61 8 6
10144.99 211287.23 221141.61 6 6
9916.57 211060.24 221141.61 8 6
9912.65 211056.26 221141.61 6 6
9889.78 211032.93 221141.61 4 6
9886.98 211030.07 221141.61 6 6
6330.80 205350.18 221141.61 4 6
5590.47 203258.98 221141.61 4 6
5468.86 202861.36 221141.61 6 6
5440.26 202765.26 221141.61 4 6
2130.18 174212.03 221141.61 4 6
1981.16 170666.23 221141.61 4 6
1836.11 166678.64 221141.61 6 6
1832.87 166582.45 221141.61 4 6
10027.62 211103.63 221073.35 6 8
9281.06 210301.68 221073.35 6 8
8886.89 209823.91 221073.35 8 8
8819.51 209737.97 221073.35 6 8
3149.87 189335.16 221073.35 6 8
2976.97 187491.90 221073.35 6 8
2904.36 186652.49 221073.35 8 8
2897.50 186570.98 221073.35 6 8
10031.78 211103.63 221069.22 6 6
9646.18 210705.26 221069.22 4 6
9284.62 210301.68 221069.22 6 6
9253.99 210266.04 221069.22 4 6
8971.41 209925.76 221069.22 4 6
8890.16 209823.91 221069.22 8 6
8822.73 209737.97 221069.22 6 6
8772.93 209673.65 221069.22 4 6
3150.28 189335.16 221069.22 6 6
3103.55 188857.37 221069.22 4 6
2977.33 187491.90 221069.22 6 6
2974.64 187461.56 221069.22 4 6
2942.23 187091.37 221069.22 4 6
2904.71 186652.49 221069.22 8 6
2897.85 186570.98 221069.22 6 6
2892.87 186511.58 221069.22 4 6
10284.35 211336.16 221057.01 2 4
10044.08 211103.63 221057.01 6 4
9700.82 210751.43 221057.01 2 4
9657.55 210705.26 221057.01 4 4
9295.16 210301.68 221057.01 6 4
9264.47 210266.04 221057.01 4 4
9242.02 210239.83 221057.01 2 4
8981.25 209925.76 221057.01 4 4
8832.25 209737.97 221057.01 6 4
8782.34 209673.65 221057.01 4 4
3231.47 190120.24 221057.01 2 4
3151.49 189335.16 221057.01 6 4
3109.73 188909.17 221057.01 2 4
3104.72 188857.37 221057.01 4 4
2978.41 187491.90 221057.01 6 4
2975.72 187461.56 221057.01 4 4
2973.60 187437.56 221057.01 2 4
2943.29 187091.37 221057.01 4 4
2898.88 186570.98 221057.01 6 4
2893.89 186511.58 221057.01 4 4
10046.62 211103.63 221054.50 6 6
9659.90 210705.26 221054.50 4 6
9297.33 210301.68 221054.50 6 6
9266.62 210266.04 221054.50 4 6
8983.28 209925.76 221054.50 4 6
8901.81 209823.91 221054.50 8 6
8834.21 209737.97 221054.50 6 6
8784.28 209673.65 221054.50 4 6
3151.74 189335.16 221054.50 6 6
3104.97 188857.37 221054.50 4 6
2978.64 187491.90 221054.50 6 6
2975.95 187461.56 221054.50 4 6
2943.51 187091.37 221054.50 4 6
2905.96 186652.49 221054.50 8 6
2899.09 186570.98 221054.50 6 6
2894.10 186511.58 221054.50 4 6
10505.43 211486.58 221002.86 2 0
5724.08 203537.66 221002.86 2 0
5612.06 203189.03 221002.86 2 0
5466.33 202714.12 221002.86 2 0
5308.57 202170.63 221002.86 2 0
1984.33 170607.89 221002.86 2 0
1918.99 168892.21 221002.86 2 0
1835.50 166521.69 221002.86 2 0
1773.30 164610.76 221002.86 2 0
10523.60 211490.30 220990.15 4 2
10519.48 211486.58 220990.15 2 2
10441.02 211415.16 220990.15 4 2
10040.21 211032.93 220990.15 4 2
7100.36 206910.24 220990.15 0 2
6392.11 205350.18 220990.15 4 2
5728.25 203537.66 220990.15 2 2
5638.22 203258.98 220990.15 4 2
5616.07 203189.03 220990.15 2 2
5607.70 203162.48 220990.15 0 2
5485.48 202765.26 220990.15 4 2
5470.13 202714.12 220990.15 2 2
5312.15 202170.63 220990.15 2 2
2340.28 178273.38 220990.15 0 2
2137.08 174212.03 220990.15 4 2
1987.13 170666.23 220990.15 4 2
1984.83 170607.89 220990.15 2 2
1983.44 170572.61 220990.15 0 2
1919.46 168892.21 220990.15 2 2
1837.98 166582.45 220990.15 4 2
1835.92 166521.69 220990.15 2 2
1773.70 164610.76 220990.15 2 2
10549.64 211490.30 220966.70 4 4
10545.50 211486.58 220966.70 2 4
10466.64 211415.16 220966.70 4 4
10461.51 211410.47 220966.70 6 4
10328.31 211287.23 220966.70 6 4
10087.60 211056.26 220966.70 6 4
10063.91 211032.93 220966.70 4 4
10061.01 211030.07 220966.70 6 4
6401.70 205350.18 220966.70 4 4
5735.96 203537.66 220966.70 2 4
5645.69 203258.98 220966.70 4 4
5623.47 203189.03 220966.70 2 4
5521.70 202861.36 220966.70 6 4
5492.54 202765.26 220966.70 4 4
5477.15 202714.12 220966.70 2 4
5318.78 202170.63 220966.70 2 4
2138.15 174212.03 220966.70 4 4
1988.05 170666.23 220966.70 4 4
1985.75 170607.89 220966.70 2 4
1920.33 168892.21 220966.70 2 4
1842.03 166678.64 220966.70 6 4
1838.77 166582.45 220966.70 4 4
1836.72 166521.69 220966.70 2 4
1774.44 164610.76 220966.70 2 4
10836.32 211490.30 220716.00 4 6
10748.77 211415.16 220716.00 4 6
10743.35 211410.47 220716.00 6 6
10733.62 211402.03 220716.00 8 6
10611.51 211294.85 220716.00 8 6
10602.93 211287.23 220716.00 6 6
10353.68 211060.24 220716.00 8 6
10349.41 211056.26 220716.00 6 6
10324.47 211032.93 220716.00 4 6
10321.43 211030.07 220716.00 6 6
6506.15 205350.18 220716.00 4 6
5726.77 203258.98 220716.00 4 6
5599.23 202861.36 220716.00 6 6
5569.25 202765.26 220716.00 4 6
2149.68 174212.03 220716.00 4 6
1998.01 170666.23 220716.00 4 6
1850.57 166678.64 220716.00 6 6
1847.28 166582.45 220716.00 4 6
10885.88 211490.30 220674.00 4 4
10881.47 211486.58 220674.00 2 4
10797.53 211415.16 220674.00 4 4
10792.06 211410.47 220674.00 6 4
10650.37 211287.23 220674.00 6 4
10394.60 211056.26 220674.00 6 4
10369.45 211032.93 220674.00 4 4
10366.38 211030.07 220674.00 6 4
6523.99 205350.18 220674.00 4 4
5833.93 203537.66 220674.00 2 4
5740.58 203258.98 220674.00 4 4
5717.61 203189.03 220674.00 2 4
5612.43 202861.36 220674.00 6 4
5582.32 202765.26 220674.00 4 4
5566.42 202714.12 220674.00 2 4
5402.92 202170.63 220674.00 2 4
2151.62 174212.03 220674.00 4 4
1999.69 170666.23 220674.00 4 4
1997.36 170607.89 220674.00 2 4
1931.18 168892.21 220674.00 2 4
1852.01 166678.64 220674.00 6 4
1848.72 166582.45 220674.00 4 4
1846.64 166521.69 220674.00 2 4
1783.70 164610.76 220674.00 2 4
10920.61 211490.30 220644.79 4 2
10916.17 211486.58 220644.79 2 2
10831.70 211415.16 220644.79 4 2
10400.96 211032.93 220644.79 4 2
7278.90 206910.24 220644.79 0 2
6536.44 205350.18 220644.79 4 2
5843.89 203537.66 220644.79 2 2
5750.22 203258.98 220644.79 4 2
5727.18 203189.03 220644.79 2 2
5718.48 203162.48 220644.79 0 2
5591.43 202765.26 220644.79 4 2
5575.49 202714.12 220644.79 2 2
5411.46 202170.63 220644.79 2 2
2359.36 178273.38 220644.79 0 2
2152.97 174212.03 220644.79 4 2
2000.21 170666.23 220644.79 4 2
1998.53 170607.89 220644.79 2 2
1997.12 170572.61 220644.79 0 2
1932.27 168892.21 220644.79 2 2
1849.72 166582.45 220644.79 4 2
1847.64 166521.69 220644.79 2 2
1784.63 164610.76 220644.79 2 2
10972.84 211410.47 220521.39 6 8
10962.69 211402.03 220521.39 8 8
10948.18 211389.95 220521.39 10 8
10835.34 211294.85 220521.39 8 8
10826.40 211287.23 220521.39 6 8
10566.65 211060.24 220521.39 8 8
10562.21 211056.26 220521.39 6 8
10533.06 211030.07 220521.39 6 8
5660.94 202861.36 220521.39 6 8
1857.26 166678.64 220521.39 6 8
11101.83 211490.30 220495.36 4 4
11097.24 211486.58 220495.36 2 4
11009.96 211415.16 220495.36 4 4
11004.27 211410.47 220495.36 6 4
10856.99 211287.23 220495.36 6 4
10591.33 211056.26 220495.36 6 4
10565.22 211032.93 220495.36 4 4
10562.02 211030.07 220495.36 6 4
6600.94 205350.18 220495.36 4 4
5895.39 203537.66 220495.36 2 4
5800.07 203258.98 220495.36 4 4
5776.63 203189.03 220495.36 2 4
5669.29 202861.36 220495.36 6 4
5638.56 202765.26 220495.36 4 4
5622.34 202714.12 220495.36 2 4
5455.59 202170.63 220495.36 2 4
2159.93 174212.03 220495.36 4 4
2006.21 170666.23 220495.36 4 4
2003.86 170607.89 220495.36 2 4
1937.87 168892.21 220495.36 2 4
1858.16 166678.64 220495.36 6 4
1854.84 166582.45 220495.36 4 4
1852.76 166521.69 220495.36 2 4
1789.40 164610.76 220495.36 2 4
11231.37 211490.30 220391.49 4 6
11137.36 211415.16 220391.49 4 6
11131.54 211410.47 220391.49 6 6
11121.09 211402.03 220391.49 8 6
10990.06 211294.85 220391.49 8 6
10980.86 211287.23 220391.49 6 6
10713.74 211060.24 220391.49 8 6
10709.17 211056.26 220391.49 6 6
10682.47 211032.93 220391.49 4 6
10679.21 211030.07 220391.49 6 6
6646.52 205350.18 220391.49 4 6
5835.24 203258.98 220391.49 4 6
5702.88 202861.36 220391.49 6 6
5671.79 202765.26 220391.49 4 6
2164.79 174212.03 220391.49 4 6
2010.40 170666.23 220391.49 4 6
1861.75 166678.64 220391.49 6 6
1858.42 166582.45 220391.49 4 6
11272.36 211490.30 220359.13 4 4
11267.64 211486.58 220359.13 2 4
11177.66 211415.16 220359.13 4 4
11171.80 211410.47 220359.13 6 4
11020.04 211287.23 220359.13 6 4
10746.43 211056.26 220359.13 6 4
10719.55 211032.93 220359.13 4 4
10716.26 211030.07 220359.13 6 4
6660.85 205350.18 220359.13 4 4
5943.14 203537.66 220359.13 2 4
5846.28 203258.98 220359.13 4 4
5822.46 203189.03 220359.13 2 4
5713.43 202861.36 220359.13 6 4
5682.22 202765.26 220359.13 4 4
5665.75 202714.12 220359.13 2 4
5496.45 202170.63 220359.13 2 4
2166.30 174212.03 220359.13 4 4
2011.71 170666.23 220359.13 4 4
2009.35 170607.89 220359.13 2 4
1943.00 168892.21 220359.13 2 4
1862.87 166678.64 220359.13 6 4
1859.54 166582.45 220359.13 4 4
1857.44 166521.69 220359.13 2 4
1793.77 164610.76 220359.13 2 4
18240.47 214829.18 220310.00 2 0
16518.11 214257.69 220310.00 2 0
11140.45 211336.16 220310.00 2 0
10458.95 210751.43 220310.00 2 0
9927.60 210239.83 220310.00 2 0
4452.83 197858.69 220310.00 2 0
4215.03 196592.07 220310.00 2 0
3311.43 190120.24 220310.00 2 0
3183.71 188909.17 220310.00 2 0
3041.18 187437.56 220310.00 2 0
1867.61 166765.66 220310.00 2 0
1534.14 155126.73 220310.00 2 0
1406.03 149187.80 220310.00 2 0
1401.15 148940.17 220310.00 2 0
18273.81 214829.18 220300.00 2 2
16899.07 214384.13 220300.00 4 2
16545.44 214257.69 220300.00 2 2
16421.16 214211.96 220300.00 0 2
11152.88 211336.16 220300.00 2 2
10497.41 210776.45 220300.00 0 2
10469.90 210751.43 220300.00 2 2
10419.52 210705.26 220300.00 4 2
9963.42 210266.04 220300.00 4 2
9937.47 210239.83 220300.00 2 2
9636.62 209925.76 220300.00 4 2
9407.99 209673.65 220300.00 4 2
4454.82 197858.69 220300.00 2 2
4238.17 196711.54 220300.00 4 2
4216.81 196592.07 220300.00 2 2
4207.61 196540.23 220300.00 0 2
3312.53 190120.24 220300.00 2 2
3187.57 188937.24 220300.00 0 2
3184.72 188909.17 220300.00 2 2
3179.48 188857.37 220300.00 4 2
3044.33 187461.56 220300.00 4 2
3042.10 187437.56 220300.00 2 2
3010.39 187091.37 220300.00 4 2
2958.73 186511.58 220300.00 4 2
1867.96 166765.66 220300.00 2 2
1534.37 155126.73 220300.00 2 2
1406.23 149187.80 220300.00 2 2
1404.03 149076.52 220300.00 4 2
1401.35 148940.17 220300.00 2 2
1400.73 148908.59 220300.00 0 2
1313.85 144187.94 220300.00 4 2
18307.27 214829.18 220290.00 2 4
16927.68 214384.13 220290.00 4 4
16572.87 214257.69 220290.00 2 4
11165.34 211336.16 220290.00 2 4
10882.71 211103.63 220290.00 6 4
10480.88 210751.43 220290.00 2 4
10430.39 210705.26 220290.00 4 4
10008.95 210301.68 220290.00 6 4
9973.36 210266.04 220290.00 4 4
9947.35 210239.83 220290.00 2 4
9645.92 209925.76 220290.00 4 4
9474.25 209737.97 220290.00 6 4
9416.85 209673.65 220290.00 4 4
4456.80 197858.69 220290.00 2 4
4239.97 196711.54 220290.00 4 4
4218.59 196592.07 220290.00 2 4
3313.62 190120.24 220290.00 2 4
3229.58 189335.16 220290.00 6 4
3185.74 188909.17 220290.00 2 4
3180.49 188857.37 220290.00 4 4
3048.07 187491.90 220290.00 6 4
3045.25 187461.56 220290.00 4 4
3043.03 187437.56 220290.00 2 4
3011.30 187091.37 220290.00 4 4
2964.82 186570.98 220290.00 6 4
2959.61 186511.58 220290.00 4 4
1868.31 166765.66 220290.00 2 4
1534.61 155126.73 220290.00 2 4
1406.43 149187.80 220290.00 2 4
1404.23 149076.52 220290.00 4 4
1401.55 148940.17 220290.00 2 4
1314.02 144187.94 220290.00 4 4
12913.38 211336.16 219077.95 2 0
12006.54 210751.43 219077.95 2 0
11311.53 210239.83 219077.95 2 0
4711.38 197858.69 219077.95 2 0
4445.99 196592.07 219077.95 2 0
3452.32 190120.24 219077.95 2 0
3313.73 188909.17 219077.95 2 0
3159.60 187437.56 219077.95 2 0
1911.60 166765.66 219077.95 2 0
1563.69 155126.73 219077.95 2 0
1430.82 149187.80 219077.95 2 0
1425.77 148940.17 219077.95 2 0
14310.15 211336.16 218322.30 2 4
13849.18 211103.63 218322.30 6 4
13204.91 210751.43 218322.30 2 4
13124.87 210705.26 218322.30 4 4
12464.46 210301.68 218322.30 6 4
12409.31 210266.04 218322.30 4 4
12369.07 210239.83 218322.30 2 4
11906.41 209925.76 218322.30 4 4
11645.95 209737.97 218322.30 6 4
11559.34 209673.65 218322.30 4 4
4885.36 197858.69 218322.30 2 4
4626.03 196711.54 218322.30 4 4
4600.60 196592.07 218322.30 2 4
3544.83 190120.24 218322.30 2 4
3448.82 189335.16 218322.30 6 4
3398.87 188909.17 218322.30 2 4
3392.89 188857.37 218322.30 4 4
3242.62 187491.90 218322.30 6 4
3239.43 187461.56 218322.30 4 4
3236.91 187437.56 218322.30 2 4
3201.03 187091.37 218322.30 4 4
3148.56 186570.98 218322.30 6 4
3142.68 186511.58 218322.30 4 4
1939.61 166765.66 218322.30 2 4
1582.39 155126.73 218322.30 2 4
1446.46 149187.80 218322.30 2 4
1444.13 149076.52 218322.30 4 4
1441.29 148940.17 218322.30 2 4
1348.90 144187.94 218322.30 4 4
16329.01 211336.16 217458.56 2 2
14961.25 210776.45 217458.56 0 2
14905.44 210751.43 217458.56 2 2
14803.54 210705.26 217458.56 4 2
13899.54 210266.04 217458.56 4 2
13849.07 210239.83 217458.56 2 2
13271.65 209925.76 217458.56 4 2
12841.86 209673.65 217458.56 4 2
5100.65 197858.69 217458.56 2 2
4818.62 196711.54 217458.56 4 2
4791.03 196592.07 217458.56 2 2
4779.16 196540.23 217458.56 0 2
3656.83 190120.24 217458.56 2 2
3505.15 188937.24 217458.56 0 2
3501.70 188909.17 217458.56 2 2
3495.36 188857.37 217458.56 4 2
3332.71 187461.56 217458.56 4 2
3330.04 187437.56 217458.56 2 2
3292.08 187091.37 217458.56 4 2
3230.40 186511.58 217458.56 4 2
1972.66 166765.66 217458.56 2 2
1604.32 155126.73 217458.56 2 2
1464.76 149187.80 217458.56 2 2
1462.37 149076.52 217458.56 4 2
1459.46 148940.17 217458.56 2 2
1458.79 148908.59 217458.56 0 2
1364.80 144187.94 217458.56 4 2
16687.42 211336.16 217327.06 2 4
16063.91 211103.63 217327.06 6 4
15203.51 210751.43 217327.06 2 4
15097.50 210705.26 217327.06 4 4
14230.21 210301.68 217327.06 6 4
14158.38 210266.04 217327.06 4 4
14106.02 210239.83 217327.06 2 4
13507.44 209925.76 217327.06 4 4
13173.20 209737.97 217327.06 6 4
13062.49 209673.65 217327.06 4 4
5135.11 197858.69 217327.06 2 4
4849.36 196711.54 217327.06 4 4
4821.42 196592.07 217327.06 2 4
3674.50 190120.24 217327.06 2 4
3571.44 189335.16 217327.06 6 4
3517.90 188909.17 217327.06 2 4
3511.50 188857.37 217327.06 4 4
3350.79 187491.90 217327.06 6 4
3347.38 187461.56 217327.06 4 4
3344.69 187437.56 217327.06 2 4
3306.40 187091.37 217327.06 4 4
3250.45 186570.98 217327.06 6 4
3244.19 186511.58 217327.06 4 4
1977.79 166765.66 217327.06 2 4
1607.71 155126.73 217327.06 2 4
1467.58 149187.80 217327.06 2 4
1465.19 149076.52 217327.06 4 4
1462.27 148940.17 217327.06 2 4
1367.26 144187.94 217327.06 4 4
16779.71 211336.16 217294.11 2 2
15338.74 210776.45 217294.11 0 2
15280.08 210751.43 217294.11 2 2
15173.01 210705.26 217294.11 4 2
14224.77 210266.04 217294.11 4 2
14171.92 210239.83 217294.11 2 2
13567.85 209925.76 217294.11 4 2
13118.98 209673.65 217294.11 4 2
5143.81 197858.69 217294.11 2 2
4857.12 196711.54 217294.11 4 2
4829.09 196592.07 217294.11 2 2
4817.03 196540.23 217294.11 0 2
3678.96 190120.24 217294.11 2 2
3525.47 188937.24 217294.11 0 2
3521.99 188909.17 217294.11 2 2
3515.57 188857.37 217294.11 4 2
3351.08 187461.56 217294.11 4 2
3348.39 187437.56 217294.11 2 2
3310.00 187091.37 217294.11 4 2
3247.66 186511.58 217294.11 4 2
1979.08 166765.66 217294.11 2 2
1608.56 155126.73 217294.11 2 2
1468.29 149187.80 217294.11 2 2
1465.90 149076.52 217294.11 4 2
1462.97 148940.17 217294.11 2 2
1462.30 148908.59 217294.11 0 2
1367.87 144187.94 217294.11 4 2
17079.93 211336.16 217189.39 2 0
15528.64 210751.43 217189.39 2 0
14385.48 210239.83 217189.39 2 0
5171.68 197858.69 217189.39 2 0
4853.65 196592.07 217189.39 2 0
3693.19 190120.24 217189.39 2 0
3535.03 188909.17 217189.39 2 0
3360.17 187437.56 217189.39 2 0
1983.19 166765.66 217189.39 2 0
1611.27 155126.73 217189.39 2 0
1470.55 149187.80 217189.39 2 0
1465.22 148940.17 217189.39 2 0
16561.62 211103.63 217140.04 6 6
15536.31 210705.26 217140.04 4 6
14619.40 210301.68 217140.04 6 6
14543.60 210266.04 217140.04 4 6
13857.61 209925.76 217140.04 4 6
13664.70 209823.91 217140.04 8 6
13506.05 209737.97 217140.04 6 6
13389.70 209673.65 217140.04 4 6
4893.76 196711.54 217140.04 4 6
3595.47 189335.16 217140.04 6 6
3534.72 188857.37 217140.04 4 6
3371.92 187491.90 217140.04 6 6
3368.48 187461.56 217140.04 4 6
3326.98 187091.37 217140.04 4 6
3279.08 186652.49 217140.04 8 6
3270.34 186570.98 217140.04 6 6
3264.00 186511.58 217140.04 4 6
1469.22 149076.52 217140.04 4 6
1370.76 144187.94 217140.04 4 6
17643.53 211336.16 217002.41 2 4
16948.02 211103.63 217002.41 6 4
15993.12 210751.43 217002.41 2 4
15875.86 210705.26 217002.41 4 4
14919.66 210301.68 217002.41 6 4
14840.73 210266.04 217002.41 4 4
14783.21 210239.83 217002.41 2 4
14127.11 209925.76 217002.41 4 4
13761.92 209737.97 217002.41 6 4
13641.14 209673.65 217002.41 4 4
5222.19 197858.69 217002.41 2 4
4926.95 196711.54 217002.41 4 4
4898.11 196592.07 217002.41 2 4
3718.88 190120.24 217002.41 2 4
3613.35 189335.16 217002.41 6 4
3558.56 188909.17 217002.41 2 4
3552.01 188857.37 217002.41 4 4
3387.65 187491.90 217002.41 6 4
3384.17 187461.56 217002.41 4 4
3381.42 187437.56 217002.41 2 4
3342.29 187091.37 217002.41 4 4
3285.13 186570.98 217002.41 6 4
3278.73 186511.58 217002.41 4 4
1990.57 166765.66 217002.41 2 4
1616.14 155126.73 217002.41 2 4
1474.61 149187.80 217002.41 2 4
1472.19 149076.52 217002.41 4 4
1469.24 148940.17 217002.41 2 4
1373.35 144187.94 217002.41 4 4
17718.65 211336.16 216978.39 2 2
16119.58 210776.45 216978.39 0 2
16054.81 210751.43 216978.39 2 2
15936.65 210705.26 216978.39 4 2
14893.84 210266.04 216978.39 4 2
14835.91 210239.83 216978.39 2 2
14175.23 209925.76 216978.39 4 2
13686.00 209673.65 216978.39 4 2
5228.75 197858.69 216978.39 2 2
4932.79 196711.54 216978.39 4 2
4903.88 196592.07 216978.39 2 2
4891.44 196540.23 216978.39 0 2
3722.21 190120.24 216978.39 2 2
3565.17 188937.24 216978.39 0 2
3561.60 188909.17 216978.39 2 2
3555.04 188857.37 216978.39 4 2
3386.93 187461.56 216978.39 4 2
3384.17 187437.56 216978.39 2 2
3344.97 187091.37 216978.39 4 2
3281.31 186511.58 216978.39 4 2
1991.53 166765.66 216978.39 2 2
1616.77 155126.73 216978.39 2 2
1475.13 149187.80 216978.39 2 2
1472.71 149076.52 216978.39 4 2
1469.76 148940.17 216978.39 2 2
1469.08 148908.59 216978.39 0 2
1373.81 144187.94 216978.39 4 2
18555.93 211336.16 216723.80 2 2
16809.62 210776.45 216723.80 0 2
16739.20 210751.43 216723.80 2 2
16610.78 210705.26 216723.80 4 2
15481.01 210266.04 216723.80 4 2
15418.43 210239.83 216723.80 2 2
14706.10 209925.76 216723.80 4 2
14180.22 209673.65 216723.80 4 2
5299.32 197858.69 216723.80 2 2
4995.54 196711.54 216723.80 4 2
4965.90 196592.07 216723.80 2 2
4953.14 196540.23 216723.80 0 2
3757.83 190120.24 216723.80 2 2
3597.84 188937.24 216723.80 0 2
3594.20 188909.17 216723.80 2 2
3587.52 188857.37 216723.80 4 2
3416.39 187461.56 216723.80 4 2
3413.59 187437.56 216723.80 2 2
3373.71 187091.37 216723.80 4 2
3308.97 186511.58 216723.80 4 2
2001.03 166765.66 216723.80 2 2
1623.45 155126.73 216723.80 2 2
1480.69 149187.80 216723.80 2 2
1478.26 149076.52 216723.80 4 2
1475.28 148940.17 216723.80 2 2
1474.60 148908.59 216723.80 0 2
1378.63 144187.94 216723.80 4 2
12624.50 206910.24 214829.18 0 2
10896.25 205654.22 214829.18 4 2
10829.85 205597.97 214829.18 2 2
10546.75 205350.18 214829.18 4 2
8853.77 203537.66 214829.18 2 2
8640.52 203258.98 214829.18 4 2
8588.60 203189.03 214829.18 2 2
8569.05 203162.48 214829.18 0 2
8286.90 202765.26 214829.18 4 2
8251.92 202714.12 214829.18 2 2
7897.63 202170.63 214829.18 2 2
2734.73 178273.38 214829.18 0 2
2461.27 174212.03 214829.18 4 2
2263.64 170666.23 214829.18 4 2
2260.65 170607.89 214829.18 2 2
2258.85 170572.61 214829.18 0 2
2176.21 168892.21 214829.18 2 2
2072.02 166582.45 214829.18 4 2
2069.41 166521.69 214829.18 2 2
1991.30 164610.76 214829.18 2 2
11545.09 205724.81 214384.13 6 4
11451.74 205654.22 214384.13 4 4
11378.42 205597.97 214384.13 2 4
11066.32 205350.18 214384.13 4 4
9217.06 203537.66 214384.13 2 4
8986.18 203258.98 214384.13 4 4
8930.03 203189.03 214384.13 2 4
8676.09 202861.36 214384.13 6 4
8604.33 202765.26 214384.13 4 4
8566.62 202714.12 214384.13 2 4
8185.41 202170.63 214384.13 2 4
2488.54 174212.03 214384.13 4 4
2286.69 170666.23 214384.13 4 4
2283.64 170607.89 214384.13 2 4
2197.51 168892.21 214384.13 2 4
2095.53 166678.64 214384.13 6 4
2091.31 166582.45 214384.13 4 4
2088.66 166521.69 214384.13 2 4
2008.46 164610.76 214384.13 2 4
13606.44 206910.24 214257.69 0 2
11620.04 205654.22 214257.69 4 2
11544.56 205597.97 214257.69 2 2
11223.41 205350.18 214257.69 4 2
9325.77 203537.66 214257.69 2 2
9089.48 203258.98 214257.69 4 2
9032.04 203189.03 214257.69 2 2
9010.42 203162.48 214257.69 0 2
8698.99 202765.26 214257.69 4 2
8660.45 202714.12 214257.69 2 2
8271.04 202170.63 214257.69 2 2
2778.17 178273.38 214257.69 0 2
2496.40 174212.03 214257.69 4 2
2293.32 170666.23 214257.69 4 2
2290.26 170607.89 214257.69 2 2
2288.41 170572.61 214257.69 0 2
2203.63 168892.21 214257.69 2 2
2096.86 166582.45 214257.69 4 2
2094.19 166521.69 214257.69 2 2
2013.57 164610.76 214257.69 2 2
11605.85 205597.97 214211.96 2 0
9365.73 203537.66 214211.96 2 0
9069.51 203189.03 214211.96 2 0
8694.90 202714.12 214211.96 2 0
8302.45 202170.63 214211.96 2 0
2292.66 170607.89 214211.96 2 0
2205.86 168892.21 214211.96 2 0
2096.20 166521.69 214211.96 2 0
2015.43 164610.76 214211.96 2 0
7156.75 197858.69 211827.67 2 4
6613.62 196711.54 211827.67 4 4
6561.76 196592.07 211827.67 2 4
2218.47 166765.66 211827.67 2 4
1763.64 155126.73 211827.67 2 4
1596.43 149187.80 211827.67 2 4
1593.60 149076.52 211827.67 4 4
1590.14 148940.17 211827.67 2 4
1478.42 144187.94 211827.67 4 4
7181.54 197858.69 211779.45 2 2
6634.79 196711.54 211779.45 4 2
6582.60 196592.07 211779.45 2 2
6560.20 196540.23 211779.45 0 2
2220.85 166765.66 211779.45 2 2
1765.14 155126.73 211779.45 2 2
1597.66 149187.80 211779.45 2 2
1594.82 149076.52 211779.45 4 2
1591.36 148940.17 211779.45 2 2
1590.56 148908.59 211779.45 0 2
1479.48 144187.94 211779.45 4 2
7197.10 197858.69 211749.35 2 0
6595.67 196592.07 211749.35 2 0
2222.34 166765.66 211749.35 2 0
1766.08 155126.73 211749.35 2 0
1598.43 149187.80 211749.35 2 0
1592.12 148940.17 211749.35 2 0
4678.13 190120.24 211490.30 2 4
4512.36 189335.16 211490.30 6 4
4427.23 188909.17 211490.30 2 4
4417.10 188857.37 211490.30 4 4
4165.77 187491.90 211490.30 6 4
4160.51 187461.56 211490.30 4 4
4156.36 187437.56 211490.30 2 4
4097.38 187091.37 211490.30 4 4
4011.82 186570.98 211490.30 6 4
4002.28 186511.58 211490.30 4 4
4678.95 190120.24 211486.58 2 2
4433.47 188937.24 211486.58 0 2
4427.96 188909.17 211486.58 2 2
4417.83 188857.37 211486.58 4 2
4161.15 187461.56 211486.58 4 2
4157.00 187437.56 211486.58 2 2
4098.01 187091.37 211486.58 4 2
4002.87 186511.58 211486.58 4 2
4694.64 190120.24 211415.16 2 4
4527.72 189335.16 211415.16 6 4
4442.01 188909.17 211415.16 2 4
4431.81 188857.37 211415.16 4 4
4178.85 187491.90 211415.16 6 4
4173.56 187461.56 211415.16 4 4
4169.38 187437.56 211415.16 2 4
4110.04 187091.37 211415.16 4 4
4023.95 186570.98 211415.16 6 4
4014.35 186511.58 211415.16 4 4
4528.68 189335.16 211410.47 6 6
4432.74 188857.37 211410.47 4 6
4179.67 187491.90 211410.47 6 6
4174.38 187461.56 211410.47 4 6
4110.83 187091.37 211410.47 4 6
4037.96 186652.49 211410.47 8 6
4024.71 186570.98 211410.47 6 6
4015.11 186511.58 211410.47 4 6
4530.41 189335.16 211402.03 6 8
4181.15 187491.90 211402.03 6 8
4039.34 186652.49 211402.03 8 8
4026.08 186570.98 211402.03 6 8
4041.31 186652.49 211389.95 8 10
16701.14 205350.18 211336.16 4 2
12819.47 203537.66 211336.16 2 2
12377.17 203258.98 211336.16 4 2
12270.90 203189.03 211336.16 2 2
12231.04 203162.48 211336.16 0 2
11664.19 202765.26 211336.16 4 2
11595.01 202714.12 211336.16 2 2
10907.46 202170.63 211336.16 2 2
3023.67 178273.38 211336.16 0 2
2692.87 174212.03 211336.16 4 2
2458.08 170666.23 211336.16 4 2
2454.55 170607.89 211336.16 2 2
2452.43 170572.61 211336.16 0 2
2355.33 168892.21 211336.16 2 2
2233.76 166582.45 211336.16 4 2
2230.73 166521.69 211336.16 2 2
2139.49 164610.76 211336.16 2 2
4552.52 189335.16 211294.85 6 8
4199.98 187491.90 211294.85 6 8
4056.91 186652.49 211294.85 8 8
4043.53 186570.98 211294.85 6 8
4554.10 189335.16 211287.23 6 6
4457.09 188857.37 211287.23 4 6
4201.32 187491.90 211287.23 6 6
4195.97 187461.56 211287.23 4 6
4131.77 187091.37 211287.23 4 6
4058.16 186652.49 211287.23 8 6
4044.78 186570.98 211287.23 6 6
4035.08 186511.58 211287.23 4 6
17376.13 205350.18 211103.63 4 6
12744.05 203258.98 211103.63 4 6
12129.26 202861.36 211103.63 6 6
11989.47 202765.26 211103.63 4 6
2709.84 174212.03 211103.63 4 6
2472.21 170666.23 211103.63 4 6
2250.29 166678.64 211103.63 6 6
2245.43 166582.45 211103.63 4 6
4601.69 189335.16 211060.24 6 8
4241.79 187491.90 211060.24 6 8
4095.90 186652.49 211060.24 8 8
4082.27 186570.98 211060.24 6 8
4602.53 189335.16 211056.26 6 6
4503.47 188857.37 211056.26 4 6
4242.50 187491.90 211056.26 6 6
4237.05 187461.56 211056.26 4 6
4171.60 187091.37 211056.26 4 6
4096.57 186652.49 211056.26 8 6
4082.93 186570.98 211056.26 6 6
4073.05 186511.58 211056.26 4 6
4780.45 190120.24 211032.93 2 4
4607.48 189335.16 211032.93 6 4
4518.76 188909.17 211032.93 2 4
4508.20 188857.37 211032.93 4 4
4246.71 187491.90 211032.93 6 4
4241.24 187461.56 211032.93 4 4
4236.93 187437.56 211032.93 2 4
4175.66 187091.37 211032.93 4 4
4086.83 186570.98 211032.93 6 4
4076.93 186511.58 211032.93 4 4
4608.09 189335.16 211030.07 6 6
4508.79 188857.37 211030.07 4 6
4247.22 187491.90 211030.07 6 6
4241.76 187461.56 211030.07 4 6
4176.16 187091.37 211030.07 4 6
4100.97 186652.49 211030.07 8 6
4087.31 186570.98 211030.07 6 6
4077.40 186511.58 211030.07 4 6
13810.69 203537.66 210776.45 2 0
13176.11 203189.03 210776.45 2 0
12399.97 202714.12 210776.45 2 0
11616.86 202170.63 210776.45 2 0
2488.76 170607.89 210776.45 2 0
2386.81 168892.21 210776.45 2 0
2258.94 166521.69 210776.45 2 0
2165.43 164610.76 210776.45 2 0
18509.18 205350.18 210751.43 4 2
13858.59 203537.66 210751.43 2 2
13343.12 203258.98 210751.43 4 2
13219.70 203189.03 210751.43 2 2
13173.45 203162.48 210751.43 0 2
12518.22 202765.26 210751.43 4 2
12438.57 202714.12 210751.43 2 2
11650.74 202170.63 210751.43 2 2
3078.11 178273.38 210751.43 0 2
2735.96 174212.03 210751.43 4 2
2493.93 170666.23 210751.43 4 2
2490.31 170607.89 210751.43 2 2
2488.12 170572.61 210751.43 0 2
2388.23 168892.21 210751.43 2 2
2263.33 166582.45 210751.43 4 2
2260.22 166521.69 210751.43 2 2
2166.61 164610.76 210751.43 2 2
18668.76 205350.18 210705.26 4 4
13947.86 203537.66 210705.26 2 4
13425.85 203258.98 210705.26 4 4
13300.90 203189.03 210705.26 2 4
12745.27 202861.36 210705.26 6 4
12591.01 202765.26 210705.26 4 4
12510.44 202714.12 210705.26 2 4
11713.76 202170.63 210705.26 2 4
2739.42 174212.03 210705.26 4 4
2496.81 170666.23 210705.26 4 4
2493.18 170607.89 210705.26 2 4
2390.87 168892.21 210705.26 2 4
2270.65 166678.64 210705.26 6 4
2265.70 166582.45 210705.26 4 4
2262.58 166521.69 210705.26 2 4
2168.78 164610.76 210705.26 2 4
14195.22 203258.98 210301.68 4 6
13436.61 202861.36 210301.68 6 6
13265.27 202765.26 210301.68 4 6
2770.06 174212.03 210301.68 4 6
2522.24 170666.23 210301.68 4 6
2291.66 166678.64 210301.68 6 6
2286.62 166582.45 210301.68 4 6
14858.36 203537.66 210266.04 2 4
14267.42 203258.98 210266.04 4 4
14126.40 203189.03 210266.04 2 4
13501.28 202861.36 210266.04 6 4
13328.30 202765.26 210266.04 4 4
13238.05 202714.12 210266.04 2 4
12349.30 202170.63 210266.04 2 4
2772.80 174212.03 210266.04 4 4
2524.51 170666.23 210266.04 4 4
2520.79 170607.89 210266.04 2 4
2416.25 168892.21 210266.04 2 4
2293.53 166678.64 210266.04 6 4
2288.48 166582.45 210266.04 4 4
2285.30 166521.69 210266.04 2 4
2189.64 164610.76 210266.04 2 4
14916.46 203537.66 210239.83 2 2
14320.99 203258.98 210239.83 4 2
14178.91 203189.03 210239.83 2 2
14125.72 203162.48 210239.83 0 2
13375.04 202765.26 210239.83 4 2
13284.15 202714.12 210239.83 2 2
12389.41 202170.63 210239.83 2 2
3127.37 178273.38 210239.83 0 2
2774.82 174212.03 210239.83 4 2
2526.18 170666.23 210239.83 4 2
2522.46 170607.89 210239.83 2 2
2520.21 170572.61 210239.83 0 2
2417.78 168892.21 210239.83 2 2
2289.86 166582.45 210239.83 4 2
2286.67 166521.69 210239.83 2 2
2190.90 164610.76 210239.83 2 2
15649.83 203537.66 209925.76 2 4
14995.65 203258.98 209925.76 4 4
14839.94 203189.03 209925.76 2 4
14151.62 202861.36 209925.76 6 4
13961.69 202765.26 209925.76 4 4
13862.68 202714.12 209925.76 2 4
12891.16 202170.63 209925.76 2 4
2799.22 174212.03 209925.76 4 4
2546.39 170666.23 209925.76 4 4
2542.61 170607.89 209925.76 2 4
2436.29 168892.21 209925.76 2 4
2311.58 166678.64 209925.76 6 4
2306.45 166582.45 209925.76 4 4
2303.22 166521.69 209925.76 2 4
2206.09 164610.76 209925.76 2 4
14358.63 202861.36 209823.91 6 8
2317.04 166678.64 209823.91 6 8
15430.29 203258.98 209737.97 4 6
14538.08 202861.36 209737.97 6 6
14337.71 202765.26 209737.97 4 6
2814.02 174212.03 209737.97 4 6
2558.63 170666.23 209737.97 4 6
2321.66 166678.64 209737.97 6 6
2316.49 166582.45 209737.97 4 6
16292.84 203537.66 209673.65 2 4
15585.01 203258.98 209673.65 4 4
15416.89 203189.03 209673.65 2 4
14675.34 202861.36 209673.65 6 4
14471.20 202765.26 209673.65 4 4
14364.86 202714.12 209673.65 2 4
13324.32 202170.63 209673.65 2 4
2819.12 174212.03 209673.65 4 4
2562.85 170666.23 209673.65 4 4
2559.02 170607.89 209673.65 2 4
2451.35 168892.21 209673.65 2 4
2325.14 166678.64 209673.65 6 4
2319.95 166582.45 209673.65 4 4
2316.68 166521.69 209673.65 2 4
2218.43 164610.76 209673.65 2 4
11044.81 197858.69 206910.24 2 0
9688.98 196592.07 206910.24 2 0
5954.28 190120.24 206910.24 2 0
5553.68 188909.17 206910.24 2 0
5133.97 187437.56 206910.24 2 0
2490.24 166765.66 206910.24 2 0
1931.12 155126.73 206910.24 2 0
1732.43 149187.80 206910.24 2 0
1725.03 148940.17 206910.24 2 0
1023.61 109216.60 206910.24 2 0
11091.71 196711.54 205724.81 4 6
1765.28 149076.52 205724.81 4 6
1625.04 144187.94 205724.81 4 6
1036.19 109217.60 205724.81 4 6
12824.35 197858.69 205654.22 2 4
11179.27 196711.54 205654.22 4 4
11031.89 196592.07 205654.22 2 4
2570.68 166765.66 205654.22 2 4
1979.12 155126.73 205654.22 2 4
1770.96 149187.80 205654.22 2 4
1767.48 149076.52 205654.22 4 4
1763.23 148940.17 205654.22 2 4
1626.91 144187.94 205654.22 4 4
1036.95 109217.60 205654.22 4 4
1036.94 109216.60 205654.22 2 4
12917.56 197858.69 205597.97 2 2
11250.03 196711.54 205597.97 4 2
11100.79 196592.07 205597.97 2 2
11037.26 196540.23 205597.97 0 2
2574.40 166765.66 205597.97 2 2
1981.33 155126.73 205597.97 2 2
1772.73 149187.80 205597.97 2 2
1769.24 149076.52 205597.97 4 2
1764.98 148940.17 205597.97 2 2
1764.00 148908.59 205597.97 0 2
1628.40 144187.94 205597.97 4 2
1037.62 109223.50 205597.97 0 2
1037.56 109217.60 205597.97 4 2
1037.54 109216.60 205597.97 2 2
13344.83 197858.69 205350.18 2 4
11572.73 196711.54 205350.18 4 4
11414.86 196592.07 205350.18 2 4
6564.20 190120.24 205350.18 2 4
6242.41 189335.16 205350.18 6 4
6080.67 188909.17 205350.18 2 4
6061.57 188857.37 205350.18 4 4
5598.09 187491.90 205350.18 6 4
5588.59 187461.56 205350.18 4 4
5581.11 187437.56 205350.18 2 4
5475.29 187091.37 205350.18 4 4
5323.56 186570.98 205350.18 6 4
5306.77 186511.58 205350.18 4 4
2590.94 166765.66 205350.18 2 4
1991.10 155126.73 205350.18 2 4
1780.55 149187.80 205350.18 2 4
1777.03 149076.52 205350.18 4 4
1772.74 148940.17 205350.18 2 4
1635.00 144187.94 205350.18 4 4
1040.23 109217.60 205350.18 4 4
1040.22 109216.60 205350.18 2 4
17604.02 197858.69 203537.66 2 2
14645.61 196711.54 203537.66 4 2
14393.69 196592.07 203537.66 2 2
14287.06 196540.23 203537.66 0 2
7450.95 190120.24 203537.66 2 2
6847.23 188937.24 203537.66 0 2
6834.09 188909.17 203537.66 2 2
6809.98 188857.37 203537.66 4 2
6218.69 187461.56 203537.66 4 2
6209.42 187437.56 203537.66 2 2
6078.72 187091.37 203537.66 4 2
5871.71 186511.58 203537.66 4 2
2718.65 166765.66 203537.66 2 2
2064.99 155126.73 203537.66 2 2
1839.93 149187.80 203537.66 2 2
1836.17 149076.52 203537.66 4 2
1831.59 148940.17 203537.66 2 2
1830.53 148908.59 203537.66 0 2
1684.93 144187.94 203537.66 4 2
1060.29 109223.50 203537.66 0 2
1060.22 109217.60 203537.66 4 2
1060.21 109216.60 203537.66 2 2
18512.47 197858.69 203258.98 2 4
15268.97 196711.54 203258.98 4 4
14995.35 196592.07 203258.98 2 4
7608.99 190120.24 203258.98 2 4
7179.96 189335.16 203258.98 6 4
6966.81 188909.17 203258.98 2 4
6941.75 188857.37 203258.98 4 4
6340.58 187491.90 203258.98 6 4
6328.40 187461.56 203258.98 4 4
6318.80 187437.56 203258.98 2 4
6183.49 187091.37 203258.98 4 4
5990.67 186570.98 203258.98 6 4
5969.42 186511.58 203258.98 4 4
2739.42 166765.66 203258.98 2 4
2076.95 155126.73 203258.98 2 4
1849.41 149187.80 203258.98 2 4
1845.62 149076.52 203258.98 4 4
1840.98 148940.17 203258.98 2 4
1692.88 144187.94 203258.98 4 4
1063.36 109217.60 203258.98 4 4
1063.35 109216.60 203258.98 2 4
18755.41 197858.69 203189.03 2 2
15433.86 196711.54 203189.03 4 2
15154.36 196592.07 203189.03 2 2
15036.20 196540.23 203189.03 0 2
7649.71 190120.24 203189.03 2 2
7014.73 188937.24 203189.03 0 2
7000.94 188909.17 203189.03 2 2
6975.63 188857.37 203189.03 4 2
6356.54 187461.56 203189.03 4 2
6346.86 187437.56 203189.03 2 2
6210.36 187091.37 203189.03 4 2
5994.46 186511.58 203189.03 4 2
2744.68 166765.66 203189.03 2 2
2079.97 155126.73 203189.03 2 2
1851.81 149187.80 203189.03 2 2
1848.00 149076.52 203189.03 4 2
1843.36 148940.17 203189.03 2 2
1842.28 148908.59 203189.03 0 2
1694.88 144187.94 203189.03 4 2
1064.22 109223.50 203189.03 0 2
1064.15 109217.60 203189.03 4 2
1064.14 109216.60 203189.03 2 2
18849.29 197858.69 203162.48 2 0
15215.59 196592.07 203162.48 2 0
7665.28 190120.24 203162.48 2 0
7013.98 188909.17 203162.48 2 0
6357.57 187437.56 203162.48 2 0
2746.68 166765.66 203162.48 2 0
2081.12 155126.73 203162.48 2 0
1852.72 149187.80 203162.48 2 0
1844.26 148940.17 203162.48 2 0
1064.44 109216.60 203162.48 2 0
16256.20 196711.54 202861.36 4 6
7391.02 189335.16 202861.36 6 6
7138.85 188857.37 202861.36 4 6
6504.61 187491.90 202861.36 6 6
6491.80 187461.56 202861.36 4 6
6339.41 187091.37 202861.36 4 6
6167.75 186652.49 202861.36 8 6
6136.89 186570.98 202861.36 6 6
6114.60 186511.58 202861.36 4 6
1859.26 149076.52 202861.36 4 6
1704.35 144187.94 202861.36 4 6
1067.88 109217.60 202861.36 4 6
16514.26 196711.54 202765.26 4 4
16194.66 196592.07 202765.26 2 4
7906.08 190120.24 202765.26 2 4
7443.91 189335.16 202765.26 6 4
7215.05 188909.17 202765.26 2 4
7188.18 188857.37 202765.26 4 4
6545.54 187491.90 202765.26 6 4
6532.56 187461.56 202765.26 4 4
6522.33 187437.56 202765.26 2 4
6378.27 187091.37 202765.26 4 4
6173.31 186570.98 202765.26 6 4
6150.75 186511.58 202765.26 4 4
2776.99 166765.66 202765.26 2 4
2098.47 155126.73 202765.26 2 4
1866.46 149187.80 202765.26 2 4
1862.59 149076.52 202765.26 4 4
1857.87 148940.17 202765.26 2 4
1707.15 144187.94 202765.26 4 4
1068.97 109217.60 202765.26 4 4
1068.96 109216.60 202765.26 2 4
16654.95 196711.54 202714.12 4 2
16329.94 196592.07 202714.12 2 2
16192.82 196540.23 202714.12 0 2
7938.18 190120.24 202714.12 2 2
7256.54 188937.24 202714.12 0 2
7241.78 188909.17 202714.12 2 2
7214.71 188857.37 202714.12 4 2
6554.47 187461.56 202714.12 4 2
6544.17 187437.56 202714.12 2 2
6399.15 187091.37 202714.12 4 2
6170.16 186511.58 202714.12 4 2
2780.94 166765.66 202714.12 2 2
2100.73 155126.73 202714.12 2 2
1868.24 149187.80 202714.12 2 2
1864.36 149076.52 202714.12 4 2
1859.64 148940.17 202714.12 2 2
1858.55 148908.59 202714.12 0 2
1708.64 144187.94 202714.12 4 2
1069.63 109223.50 202714.12 0 2
1069.56 109217.60 202714.12 4 2
1069.55 109216.60 202714.12 2 2
18313.07 196711.54 202170.63 4 2
17920.88 196592.07 202170.63 2 2
17755.88 196540.23 202170.63 0 2
8296.21 190120.24 202170.63 2 2
7554.56 188937.24 202170.63 0 2
7538.57 188909.17 202170.63 2 2
7509.24 188857.37 202170.63 4 2
6796.65 187461.56 202170.63 4 2
6785.58 187437.56 202170.63 2 2
6629.79 187091.37 202170.63 4 2
6384.32 186511.58 202170.63 4 2
2823.63 166765.66 202170.63 2 2
2125.00 155126.73 202170.63 2 2
1887.40 149187.80 202170.63 2 2
1883.45 149076.52 202170.63 4 2
1878.62 148940.17 202170.63 2 2
1877.51 148908.59 202170.63 0 2
1724.65 144187.94 202170.63 4 2
1075.88 109223.50 202170.63 0 2
1075.81 109217.60 202170.63 4 2
1075.80 109216.60 202170.63 2 2
5104.44 178273.38 197858.69 0 2
4227.74 174212.03 197858.69 4 2
3676.44 170666.23 197858.69 4 2
3668.57 170607.89 197858.69 2 2
3663.83 170572.61 197858.69 0 2
3451.28 168892.21 197858.69 2 2
3196.39 166582.45 197858.69 4 2
3190.19 166521.69 197858.69 2 2
3006.83 164610.76 197858.69 2 2
4443.29 174212.03 196711.54 4 4
3838.37 170666.23 196711.54 4 4
3829.80 170607.89 196711.54 2 4
3593.60 168892.21 196711.54 2 4
3328.72 166678.64 196711.54 6 4
3318.10 166582.45 196711.54 4 4
3311.42 166521.69 196711.54 2 4
3114.29 164610.76 196711.54 2 4
5457.39 178273.38 196592.07 0 2
4467.01 174212.03 196592.07 4 2
3856.06 170666.23 196592.07 4 2
3847.40 170607.89 196592.07 2 2
3842.19 170572.61 196592.07 0 2
3609.10 168892.21 196592.07 2 2
3331.31 166582.45 196592.07 4 2
3324.58 166521.69 196592.07 2 2
3125.92 164610.76 196592.07 2 2
3855.10 170607.89 196540.23 2 0
3615.86 168892.21 196540.23 2 0
3330.32 166521.69 196540.23 2 0
3131.00 164610.76 196540.23 2 0
8438.74 178273.38 190120.24 0 2
6284.32 174212.03 190120.24 4 2
5138.90 170666.23 190120.24 4 2
5123.53 170607.89 190120.24 2 2
5114.28 170572.61 190120.24 0 2
4709.43 168892.21 190120.24 2 2
4247.29 166582.45 190120.24 4 2
4236.36 166521.69 190120.24 2 2
3919.00 164610.76 190120.24 2 2
6610.56 174212.03 189335.16 4 6
5355.00 170666.23 189335.16 4 6
4412.50 166678.64 189335.16 6 6
4393.85 166582.45 189335.16 4 6
5454.21 170607.89 188937.24 2 0
4987.38 168892.21 188937.24 2 0
4459.94 166521.69 188937.24 2 0
4109.59 164610.76 188937.24 2 0
9399.64 178273.38 188909.17 0 2
6802.17 174212.03 188909.17 4 2
5480.05 170666.23 188909.17 4 2
5462.58 170607.89 188909.17 2 2
5452.07 170572.61 188909.17 0 2
4994.37 168892.21 188909.17 2 2
4477.68 166582.45 188909.17 4 2
4465.53 166521.69 188909.17 2 2
4114.33 164610.76 188909.17 2 2
6826.23 174212.03 188857.37 4 4
5495.65 170666.23 188857.37 4 4
5478.09 170607.89 188857.37 2 4
5007.33 168892.21 188857.37 2 4
4507.56 166678.64 188857.37 6 4
4488.09 166582.45 188857.37 4 4
4475.89 166521.69 188857.37 2 4
4123.12 164610.76 188857.37 2 4
7528.12 174212.03 187491.90 4 6
5941.65 170666.23 187491.90 4 6
4803.29 166678.64 187491.90 6 6
4781.19 166582.45 187491.90 4 6
7545.36 174212.03 187461.56 4 4
5952.39 170666.23 187461.56 4 4
5931.78 170607.89 187461.56 2 4
5383.72 168892.21 187461.56 2 4
4810.30 166678.64 187461.56 6 4
4788.14 166582.45 187461.56 4 4
4774.24 166521.69 187461.56 2 4
4374.98 164610.76 187461.56 2 4
10909.06 178273.38 187437.56 0 2
7559.05 174212.03 187437.56 4 2
5960.90 170666.23 187437.56 4 2
5940.24 170607.89 187437.56 2 2
5927.81 170572.61 187437.56 0 2
5390.69 168892.21 187437.56 2 2
4793.65 166582.45 187437.56 4 2
4779.72 166521.69 187437.56 2 2
4379.58 164610.76 187437.56 2 2
7762.24 174212.03 187091.37 4 4
6086.54 170666.23 187091.37 4 4
6065.00 170607.89 187091.37 2 4
5493.23 168892.21 187091.37 2 4
4897.54 166678.64 187091.37 6 4
4874.57 166582.45 187091.37 4 4
4860.17 166521.69 187091.37 2 4
4447.03 164610.76 187091.37 2 4
5005.15 166678.64 186652.49 6 8
8089.08 174212.03 186570.98 4 6
6285.69 170666.23 186570.98 4 6
5025.66 166678.64 186570.98 6 6
5001.47 166582.45 186570.98 4 6
8128.14 174212.03 186511.58 4 4
6309.25 170666.23 186511.58 4 4
6286.11 170607.89 186511.58 2 4
5674.00 168892.21 186511.58 2 4
5040.71 166678.64 186511.58 6 4
5016.38 166582.45 186511.58 4 4
5001.13 166521.69 186511.58 2 4
4564.76 164610.76 186511.58 2 4
8687.43 166765.66 178273.38 2 0
4319.06 155126.73 178273.38 2 0
3437.14 149187.80 178273.38 2 0
3408.13 148940.17 178273.38 2 0
1448.08 109216.60 178273.38 2 0
1162.50 92251.80 178273.38 2 0
13425.69 166765.66 174212.03 2 4
5238.18 155126.73 174212.03 2 4
3995.00 149187.80 174212.03 2 4
3977.31 149076.52 174212.03 4 4
3955.85 148940.17 174212.03 2 4
3329.70 144187.94 174212.03 4 4
1538.59 109217.60 174212.03 4 4
1538.57 109216.60 174212.03 2 4
1220.10 92251.80 174212.03 2 4
1220.08 92250.30 174212.03 4 4
1219.89 92237.20 174212.03 6 4
6433.43 155126.73 170666.23 2 4
4654.53 149187.80 170666.23 2 4
4630.54 149076.52 170666.23 4 4
4601.48 148940.17 170666.23 2 4
3775.61 144187.94 170666.23 4 4
1627.38 109217.60 170666.23 4 4
1627.35 109216.60 170666.23 2 4
1275.28 92251.80 170666.23 2 4
1275.25 92250.30 170666.23 4 4
1275.04 92237.20 170666.23 6 4
6457.68 155126.73 170607.89 2 2
4667.21 149187.80 170607.89 2 2
4643.09 149076.52 170607.89 4 2
4613.87 148940.17 170607.89 2 2
4607.15 148908.59 170607.89 0 2
3783.94 144187.94 170607.89 4 2
1629.08 109223.50 170607.89 0 2
1628.92 109217.60 170607.89 4 2
1628.90 109216.60 170607.89 2 2
1276.22 92251.80 170607.89 2 2
1276.20 92250.30 170607.89 4 2
6472.43 155126.73 170572.61 2 0
4674.91 149187.80 170572.61 2 0
4621.39 148940.17 170572.61 2 0
1629.83 109216.60 170572.61 2 0
1276.80 92251.80 170572.61 2 0
7262.55 155126.73 168892.21 2 2
5073.59 149187.80 168892.21 2 2
5045.10 149076.52 168892.21 4 2
5010.62 148940.17 168892.21 2 2
5002.70 148908.59 168892.21 0 2
4046.74 144187.94 168892.21 4 2
1675.92 109223.50 168892.21 0 2
1675.75 109217.60 168892.21 4 2
1675.73 109216.60 168892.21 2 2
1304.79 92251.80 168892.21 2 2
1304.77 92250.30 168892.21 4 2
5679.56 149076.52 166678.64 4 6
4445.03 144187.94 166678.64 4 6
1740.31 109217.60 166678.64 4 6
1343.57 92250.30 166678.64 4 6
1343.34 92237.20 166678.64 6 6
8726.87 155126.73 166582.45 2 4
5747.30 149187.80 166582.45 2 4
5710.77 149076.52 166582.45 4 4
5666.63 148940.17 166582.45 2 4
4464.13 144187.94 166582.45 4 4
1743.23 109217.60 166582.45 4 4
1743.20 109216.60 166582.45 2 4
1345.34 92251.80 166582.45 2 4
1345.31 92250.30 166582.45 4 4
1345.08 92237.20 166582.45 6 4
8773.40 155126.73 166521.69 2 2
5767.45 149187.80 166521.69 2 2
5730.66 149076.52 166521.69 4 2
5686.21 148940.17 166521.69 2 2
5676.02 148908.59 166521.69 0 2
4476.27 144187.94 166521.69 4 2
1745.26 109223.50 166521.69 0 2
1745.08 109217.60 166521.69 4 2
1745.05 109216.60 166521.69 2 2
1346.44 92251.80 166521.69 2 2
1346.41 92250.30 166521.69 4 2
10541.15 155126.73 164610.76 2 2
6482.05 149187.80 164610.76 2 2
6435.61 149076.52 164610.76 4 2
6379.62 148940.17 164610.76 2 2
6366.79 148908.59 164610.76 0 2
4895.12 144187.94 164610.76 4 2
1805.47 109223.50 164610.76 0 2
1805.28 109217.60 164610.76 4 2
1805.24 109216.60 164610.76 2 2
1382.00 92251.80 164610.76 2 2
1381.97 92250.30 164610.76 4 2
1064.95 15316.20 109217.60 4 4
1306.71 32688.80 109216.60 0 2
1064.96 15316.20 109216.60 4 2
1678.89 32688.80 92251.80 0 2
1299.79 15316.20 92251.80 4 2
1299.81 15316.20 92250.30 4 4
1300.04 15316.20 92237.20 4 6
3176.87 15316.20 46784.60 4 4
